test_Start,test_maximize,test_logoverify,test_verifydataimporttemplateselements,test_verifyworkbooktypeelement,test_workbookexplorer,test_openworkbooktype,,test_addchip,test_verifyoptionchip,test_opentimeline,test_chiptimelineimagesequence,test_verifychiptimelineelement,test_closetimeline,test_rawdata,test_rawdatasorting,test_rawdatanewparameter,test_rawdataunselectparameter,test_closerawdata,test_opengallery,test_galleryimagesequence,test_gallersetting,test_gallerysortelements,test_galleryselectpens,test_galleryexportcsv,test_galleryattributelist,test_rawdataparameteringallery,test_galleryselectattribute,test_galleryexportpdf,test_closegallery,test_addgraphbutton,test_graphbuilderscatterplotelements,test_graphbuilderaxisattribute,test_graphbuilderchangegroupby,test_graphbuildersave,test_graphbuilderopensavegraph,test_graphbuilderhistogram,test_histogramselectxaxis,test_histogramsave,test_openhistogramandverifyattribute,test_changebinquantity,test_clickfilter,test_addchipinfilter,test_filtername,test_addconditioninfilter,test_filterbuildersetminmax,test_filtersavebuttononed,test_filtertwodcondition,test_filtertwodconditonsave,test_removenewparameter,test_close
2.5334401 sec,0.0005931000000014564 sec,0.14077419999999918 sec,4.593574499999999 sec,2.5955809000000016 sec,0.9854997999999995 sec,3.3501489999999983 sec,4.3669473 sec,1.2504221999999956 sec,5.6818098999999975 sec,0,1.4859981999999974 sec,54.229889 sec,19.563345999999996 sec,1.4213341999999898 sec,9.346482699999996 sec,1.6168223999999896 sec,2.6788429000000065 sec,6.217012799999992 sec,7.090244300000023 sec,1.7606156000000226 sec,4.076557100000002 sec,0.7870540000000119 sec,13.673936199999986 sec,94.11169950000001 sec,1.0829408000000171 sec,3.5743769000000043 sec,2.699683900000025 sec,5.058892399999991 sec,13.90203550000001 sec,2.928088099999968 sec,18.89810829999999 sec,5.2411473999999885 sec,4.3442691000000195 sec,2.7926744999999755 sec,5.815715399999988 sec,3.9139114999999833 sec,0.6956407000000127 sec,3.560232199999973 sec,2.9830326000000014 sec,5.118348700000013 sec,8.297386200000005 sec,10.8367662 sec,22.50291850000002 sec,7.4587366999999745 sec,13.713124999999991 sec,0.9327945 sec
1.4159536 sec,0.00042439999999999145 sec,0.13858420000000038 sec,5.1846599 sec,2.8929146999999986 sec,0.8538053999999988 sec,3.6371716999999997 sec,4.242202899999999 sec,1.8013678000000013 sec,6.193766199999999 sec,11.588629500000003 sec,0.47624700000000075 sec,1.423136300000003 sec,5.002298499999995 sec,0,1.4467896000000025 sec,54.102979099999985 sec,18.91512899999998 sec,1.8041855000000169 sec,9.1923228 sec,1.534551399999998 sec,2.4531853999999953 sec,6.288178899999991 sec,6.634762000000023 sec,1.8580809999999985 sec,3.45066589999999 sec,0.7144082000000083 sec,13.935637499999984 sec,91.69983850000003 sec,1.0048059999999737 sec,3.4737576999999646 sec,2.3806399000000056 sec,4.643643199999985 sec,15.015953500000023 sec,2.80268719999998 sec,18.855494099999987 sec,5.02996109999998 sec,4.377243699999951 sec,2.740588100000025 sec,5.690596000000028 sec,3.5986735999999837 sec,0.8688472999999703 sec,3.639432100000022 sec,2.5598919999999907 sec,5.2067575000000375 sec,7.873378399999979 sec,10.430441999999971 sec,22.57054119999998 sec,7.443634499999973 sec,13.617470699999956 sec,0.9898931000000175 sec

1.5176517 sec,0.0008935000000001025 sec,0.2636458000000008 sec
6.959999999978095e-05 sec,0.0004723000000002031 sec,0.21049439999999997 sec
0.00011179999999999524 sec,0.0007136000000000919 sec,0.17905330000000053 sec
0.00012870000000031467 sec,0.0007131999999998584 sec,0.28465000000000007 sec
7.040000000024804e-05 sec,0.0006390999999998925 sec,0.08636719999999976 sec,4.075064599999999 sec,3.4790186 sec,0.9705048000000005 sec,3.8387927999999985 sec,4.6974707 sec,1.9894034000000005 sec,6.6436199999999985 sec,12.2474956 sec,0.4240932000000015 sec,1.2958330000000018 sec,3.1340515999999994 sec,21.781897900000004 sec,2.034964500000001 sec,60.300030199999995 sec,21.6339567 sec,1.656855500000006 sec,9.602563099999998 sec,1.9314052000000004 sec,3.448264800000004 sec,6.923361800000009 sec,8.678877400000005 sec,2.3025901999999974 sec,4.339844700000015 sec,0.7608115999999825 sec,14.3444073 sec,117.75829579999998 sec,1.5237852000000203 sec,4.370335000000011 sec,3.211538399999995 sec,5.0574479 sec,16.567442200000016 sec,4.326980300000002 sec,19.8940207 sec,5.746378199999981 sec,4.618684700000017 sec,2.885705900000005 sec,5.811810199999968 sec,5.691872999999987 sec,0.7223101000000156 sec,3.726764399999979 sec,2.766539399999999 sec,5.721168900000009 sec,9.502802400000007 sec,10.041095599999949 sec,24.85295979999995 sec,7.3831091999999785 sec,13.905517299999985 sec,0.8966186999999763 sec

0.0004982000000000042 sec,0.00081869999999995 sec,0.4149181999999998 sec
0.00017219999999973368 sec,0.00035570000000006985 sec,0.08599159999999983 sec,0.17003050000000108 sec
0.00015890000000062798 sec,0.0002363000000009663 sec,0.09527719999999995 sec,0.19925050000000155 sec
0.00016419999999994772 sec,0.00012100000000003774 sec
0.00012139999999938311 sec,0.00014239999999965391 sec,0.08727889999999938 sec,0.16659499999999916 sec
6.099999999964467e-05 sec,0.00014089999999988834 sec,0.0893929 sec,0.19060910000000053 sec
0.00016240000000067312 sec,0.0001366000000002643 sec,0.0748584999999995 sec,0.17047670000000004 sec,0.8472631999999996 sec
0.0001706999999999681 sec,0.00041000000000046555 sec,0.15127999999999986 sec,0.22966290000000011 sec,1.2173091999999999 sec
0.0003719000000002026 sec,0.00022250000000045844 sec,0.10027330000000045 sec,0.1847916999999999 sec,1.1836283000000005 sec
0.00016589999999983007 sec,0.00025980000000025427 sec,0.08863980000000016 sec,0.1899040999999997 sec,1.5158456999999999 sec
6.06000000002993e-05 sec,0.0003048999999997193 sec,0.11528039999999962 sec,0.18551170000000017 sec,1.4083411000000003 sec
8.479999999977395e-05 sec,0.00045140000000021274 sec,0.12044880000000013 sec,0.1865686000000002 sec
5.779999999999674e-05 sec,0.0004499000000000031 sec,0.12173319999999954 sec,0.17760549999999942 sec
5.8399999999902974e-05 sec,0.0002999999999997449 sec,0.07860840000000024 sec,0.1337660000000005 sec
5.919999999992598e-05 sec,0.00024319999999988795 sec,0.0590263000000002 sec,0.12391120000000022 sec,1.4415331 sec
5.7399999999763196e-05 sec,0.00038919999999986743 sec,0.12393540000000014 sec,0.17692210000000008 sec,1.7770917999999996 sec
0.00037159999999936133 sec,0.00029119999999949187 sec,0.36832759999999887 sec,0.7896219000000002 sec,3.4905656999999994 sec
0.0004181999999985919 sec,0.0005687999999999249 sec,0.4928165999999994 sec,0.915709699999999 sec,3.6041545999999993 sec
0.00043589999999937845 sec,0.0005611999999999284 sec,0.3637056000000012 sec,0.5708015 sec,6.3693934 sec
0.00038690000000052294 sec,0.00026409999999899014 sec,0.09753519999999938 sec,0.25240239999999936 sec,2.904009799999999 sec,10.898703 sec
0.0002780999999991707 sec,0.0002195000000000391 sec,0.14657380000000053 sec,0.6858969000000013 sec,7.172106200000002 sec,14.2313802 sec
0.00022139999999915005 sec,0.0005928999999991191 sec,0.46061319999999917 sec,0.9244279999999989 sec,6.500937399999998 sec
0.00042879999999989593 sec,0.00030459999999976617 sec,0.25966739999999966 sec,0.4132017000000001 sec,2.5721916999999994 sec,6.958005 sec
0.0004710000000009984 sec,0.00056219999999918 sec,0.36327700000000007 sec,0.6221294999999998 sec,6.384441600000001 sec,13.0292509 sec
5.710000000025417e-05 sec,0.0004229999999996181 sec,0.05864379999999958 sec,0.11254579999999947 sec,1.8326864 sec
0.00030719999999995196 sec,0.0006160000000008381 sec,0.3893803000000009 sec,0.897991900000001 sec,7.4552793999999984 sec,13.0835239 sec
0.00040290000000098303 sec,0.0006202000000001817 sec,0.3268323000000013 sec,0.5469272000000007 sec,6.2374784000000005 sec
0.00037670000000034065 sec,0.0006985999999997716 sec,0.4619357999999991 sec,0.8606711999999987 sec,8.0519993 sec
0.00027249999999945373 sec,0.000632299999999475 sec,0.33213089999999923 sec,0.5825835000000001 sec,6.137140499999999 sec,17.3380023 sec
0.0002776999999998253 sec,0.0011384999999997092 sec,0.4738726 sec,0.8649543000000008 sec,7.966120199999999 sec,18.913709400000002 sec
0.0003776000000002 sec,0.0005375000000000796 sec,0.43430329999999984 sec,0.8152945000000003 sec,7.79058 sec,18.4204742 sec,29.608741599999995 sec,7.809626199999997 sec,5.854258099999996 sec,4.570478600000001 sec,6.936262800000009 sec
0.0002598999999996465 sec,0.0007041999999994886 sec,0.37052870000000127 sec,0.8517813000000007 sec,6.606408199999999 sec,17.1232482 sec,27.571226100000004 sec,8.189155399999997 sec,4.845794099999999 sec,5.161209800000002 sec,6.585602800000004 sec
0.00042230000000031964 sec,0.0004986000000002377 sec,0.37105280000000107 sec,0.6549972999999998 sec,7.266808299999999 sec,18.523274299999997 sec,31.736132999999995 sec,10.4834404 sec,4.8147971 sec,5.106523299999999 sec,6.4882247000000035 sec,9.656380200000001 sec
0.0007135999999974274 sec,0.0003874000000010369 sec,0.17455479999999568 sec,0.28939129999999835 sec,3.435109699999998 sec,12.1837004 sec,20.407821 sec,7.6728722000000005 sec,2.5344380999999956 sec,5.368143500000002 sec,5.9051774999999935 sec,8.836663799999997 sec
0.00031919999999985293 sec,0.0005230999999952246 sec,0.2555047999999971 sec,0.48279039999999895 sec,5.963629099999999 sec,15.7919823 sec,24.0973974 sec,5.810898100000003 sec,3.584435599999992 sec,3.530845499999998 sec,6.5074118 sec,9.369433900000004 sec
0.00019170000000201526 sec,0.0005744999999990341 sec,0.3175207000000029 sec,0.7920463000000026 sec,4.4582221 sec,13.568835900000003 sec,20.8804029 sec,4.2443162 sec,1.119667100000001 sec,3.9516538999999966 sec,8.536736200000007 sec,8.847195900000003 sec
0.00014359999999769002 sec,0.00024690000000049395 sec,0.28195810000000066 sec,0.4930059 sec,4.171488999999998 sec,10.177145900000003 sec,18.936250599999997 sec,5.150427700000002 sec,1.4766644999999983 sec,3.769947799999997 sec,6.123529699999992 sec,8.894012500000002 sec,33.8580264 sec
0.0001855999999946789 sec,0.00039960000000149876 sec,0.3162741000000011 sec,0.7311143999999956 sec,3.092804000000001 sec,10.296498 sec,19.513481300000002 sec,5.409387500000001 sec,2.1094302999999996 sec,4.2122004999999945 sec,5.835279799999995 sec,8.266486999999998 sec,33.7617065 sec,13.311556299999992 sec
0.00018669999999865183 sec,0.00024930000000011887 sec,0.28022170000000024 sec,0.6877649000000012 sec,5.9173682 sec,14.808911199999999 sec,21.277591100000002 sec,8.2149286 sec,3.153384800000005 sec,4.191470299999999 sec,6.653502799999998 sec,9.587613499999996 sec,39.8064325 sec,0
0.00029650000000103205 sec,0.0005660000000009546 sec,0.323550599999999 sec,0.7289689999999993 sec,3.2564173000000007 sec,12.696113100000002 sec,20.5121744 sec,6.986827999999999 sec,3.104582800000003 sec,4.213795100000006 sec,6.515649599999996 sec,9.708306800000003 sec,40.759207499999995 sec,17.05020950000001 sec
0.0002253000000003169 sec,0.00048630000000038365 sec,0.3268027 sec,0.5078621999999999 sec,5.239755199999999 sec,13.653289299999999 sec,20.7181268 sec,6.365986999999997 sec,2.8834092000000027 sec,3.9708518999999995 sec,6.615937000000002 sec,9.399442899999997 sec,37.406403299999994 sec,17.162494600000002 sec
0.00026309999999973854 sec,0.00025370000000002335 sec,0.3082604 sec,0.5056113 sec,6.245746799999999 sec,20.9910368 sec,7.138911399999998 sec,2.2953508000000014 sec,4.474336600000001 sec,6.643952199999994 sec,9.840668699999995 sec,44.413517899999995 sec,14.18452520000001 sec
6.0100000000673504e-05 sec,0.00016559999999987696 sec,0.05267450000000018 sec,0.10287579999999963 sec,1.6359768 sec,6.806949899999999 sec,9.4664535 sec,2.496675699999999 sec,0.6771796000000023 sec,3.1328438999999975 sec,4.452268 sec,6.5563956999999995 sec,17.969128 sec,13.391646399999999 sec
6.160000000043908e-05 sec,0.00016099999999941161 sec,0.05560670000000023 sec,0.10665320000000023 sec,1.6537430999999998 sec,6.7095314 sec,9.3789279 sec,2.4137584999999984 sec,0.709765400000002 sec,3.224427500000001 sec,4.408699500000001 sec,6.7771411000000015 sec,18.342930699999997 sec,13.897805300000002 sec
5.809999999950577e-05 sec,0.000573600000000063 sec,0.07431460000000012 sec,0.12511150000000004 sec,1.7885612999999996 sec,12.6689076 sec,2.486961100000002 sec,0.7396900000000031 sec,3.210975900000001 sec,4.419228799999999 sec,6.538697800000001 sec,19.191385700000005 sec,36.136521 sec
6.179999999922359e-05 sec,0.0001465999999998857 sec,0.0596912000000005 sec,0.11597610000000014 sec,1.7216331 sec,11.3191268 sec,2.5134808999999994 sec,0.7571332999999996 sec,3.3451366 sec,4.584071699999999 sec,6.767836199999998 sec,19.0555897 sec,32.480065399999994 sec
0.00016220000000011225 sec,0.00027910000000019863 sec,0.06699900000000003 sec,0.12607950000000034 sec,1.7732625000000004 sec,11.661284000000002 sec,2.5027764999999995 sec,0.7723174999999998 sec,3.4391187999999993 sec,4.468887600000002 sec,6.674955700000002 sec,18.707481 sec,32.360459799999994 sec
5.7899999999833085e-05 sec,0.0002152999999998073 sec,0.05897109999999994 sec,0.13611229999999974 sec,1.7645264000000003 sec,11.9300961 sec,2.543475700000002 sec,0.7579470999999991 sec,3.2505525000000013 sec,4.443902599999998 sec,6.608940100000002 sec,18.4764494 sec
5.7500000000487717e-05 sec,0.00030399999999985994 sec,0.06682030000000072 sec,0.1233777000000007 sec,1.8082721000000008 sec,12.641178 sec,2.6306382 sec,0.8402018000000027 sec,3.1733995999999998 sec,4.658643399999999 sec,6.736417999999997 sec,18.877979600000003 sec
7.700000000010476e-05 sec,0.00014039999999937436 sec,0.06972609999999957 sec,0.14161809999999964 sec,1.7888649999999995 sec,12.5690825 sec,2.5729073999999983 sec,0.8077717 sec,3.2853210000000033 sec,4.7788611 sec,6.861514100000001 sec,18.8096356 sec
0.00016200000000043957 sec,0.000155200000000022 sec,0.07109370000000048 sec,0.12807430000000064 sec,1.7921630000000004 sec,13.0169289 sec,2.5928985000000004 sec,0.9696801000000015 sec,3.2122619000000014 sec,4.471942500000001 sec,6.753684900000003 sec,18.2250474 sec,5.075199300000001 sec
0.00017449999999996635 sec,0.0002488999999998853 sec,0.06651279999999993 sec,0.12007360000000045 sec,1.7792641000000007 sec,13.195255000000001 sec,2.6572530000000008 sec,0.8249914000000018 sec,3.211589400000001 sec,4.556597 sec,6.669021699999998 sec,18.369670499999998 sec
0.00010050000000028092 sec,0.0001508000000001175 sec,0.0709426999999998 sec,0.12884409999999935 sec,1.7919732999999995 sec,13.6350378 sec,2.9699737000000006 sec,0.7929102999999991 sec,3.2544784 sec,4.522786499999999 sec,6.895425600000003 sec,19.265467099999995 sec,5.212874999999997 sec
6.100000000053285e-05 sec,0.00014649999999960528 sec,0.11582079999999983 sec,0.17324509999999993 sec,1.8444352999999998 sec,12.631903399999999 sec,2.6217805 sec,0.8304615999999996 sec,3.2212204999999976 sec,4.537625800000001 sec,7.175611700000001 sec,19.059272 sec,5.906702199999998 sec
5.759999999987997e-05 sec,0.00022169999999999135 sec,0.09640899999999952 sec,0.1528046999999999 sec,1.8660287000000002 sec,25.5560476 sec,2.516934499999998 sec,0.8803924000000052 sec,3.344382799999998 sec
6.249999999941025e-05 sec,0.00012370000000050396 sec,0.07505849999999992 sec,0.13810630000000046 sec,1.8340120999999998 sec,26.164146199999998 sec,2.651761899999997 sec,0.9519771000000006 sec,3.2832573999999966 sec,17.3817989 sec,6.779000799999999 sec,18.624421600000005 sec
5.880000000058061e-05 sec,0.00022639999999984894 sec,0.058203300000000624 sec,0.12973489999999988 sec,1.6416497000000003 sec,29.128488600000004 sec,2.473185200000003 sec,0.8674600000000012 sec,0,0
0.00022060000000045932 sec,0.000360299999999647 sec,0.05917799999999929 sec,0.11895649999999947 sec,1.6897229999999999 sec,28.145498599999996 sec,2.480732600000003 sec,0.8302590999999993 sec,0
5.9600000000159525e-05 sec,0.00019229999999925695 sec,0.09581369999999989 sec,0.15409269999999964 sec,1.7232849999999997 sec,28.196367900000002 sec,2.4731218000000013 sec,0.8562813000000062 sec,11.041130500000001 sec
0.00012139999999938311 sec,0.0009174999999999045 sec,0.1115573999999997 sec,0.20547259999999934 sec,1.9637669999999998 sec,7.5848028 sec,10.8576386 sec,3.1421200999999996 sec,1.0202947999999985 sec,3.5570294999999987 sec,5.4263248 sec,7.0155195999999975 sec,19.732421499999994 sec,29.619641299999998 sec
0.0002569999999999517 sec,0.00047480000000010847 sec,0.19079429999999942 sec,0.2663323999999996 sec,1.9804816 sec,7.8075225999999995 sec,11.486114 sec,11.4540387 sec,2.972084299999999 sec,5.317496800000001 sec,9.6474525 sec,9.677306699999995 sec,36.49389349999999 sec,71.99931579999999 sec
0.00020349999999957902 sec,0.0007653999999996941 sec,0.31343500000000013 sec,0.5264603000000001 sec,5.104895700000001 sec,22.9378512 sec,7.756491199999999 sec,3.0770267000000047 sec,4.813646399999996 sec,6.675378299999998 sec,9.5466689 sec,38.0432119 sec,17.6427178 sec
0.00020370000000013988 sec,0.0005446000000004503 sec,0.3107519999999999 sec,0.7075778000000001 sec,5.492433599999999 sec,23.5087371 sec,7.302985499999998 sec,2.9006945 sec,4.948752599999999 sec,7.789637200000001 sec,10.079301899999997 sec,38.294460400000006 sec,21.193109399999997 sec
0.00025760000000030203 sec,0.0004898000000004288 sec,0.22190069999999995 sec,0.5248607999999999 sec,4.927010000000001 sec,25.7076458 sec,6.532935000000002 sec,3.1764353000000014 sec,4.746726500000001 sec,9.045505900000002 sec,9.751492299999995 sec,38.6910805 sec,19.874592800000002 sec
0.00022749999999938098 sec,0.0006059000000000481 sec,0.26162559999999946 sec,0.46885319999999986 sec,4.898187699999999 sec,15.098009699999999 sec,23.1818571 sec,6.5499575999999955 sec,2.801264500000002 sec,4.5239045999999945 sec,6.818476700000005 sec,10.256865400000002 sec,38.8592043 sec,68.88207309999999 sec
0.00029360000000000497 sec,0.0005024999999996282 sec,0.19871640000000035 sec,0.4470867000000007 sec,5.1558152999999995 sec,25.5387925 sec,6.8058239 sec,3.322021300000003 sec,4.510538199999999 sec,7.269451600000004 sec,10.182449900000002 sec,37.0006049 sec,20.466620399999996 sec
0.00025790000000025515 sec,0.0005526999999991844 sec,0.2663973999999998 sec,0.4534148 sec,5.382486 sec,26.098237899999997 sec,7.401212799999996 sec,3.413878699999998 sec,5.011938600000001 sec,8.469124299999997 sec,9.885321400000002 sec,38.5225753 sec,19.8667662 sec
0.00030980000000013774 sec,0.00041630000000036915 sec,0.38113570000000063 sec,0.7208155000000005 sec,5.919826200000001 sec,26.988623600000004 sec,6.511119100000002 sec,3.129094799999997 sec,5.061124199999995 sec,6.611707899999999 sec,10.334620799999996 sec,40.304946900000004 sec,19.3047385 sec,0.8709450000000061 sec
0.0002905000000001934 sec,0.0004110000000006053 sec,0.19049160000000054 sec,0.34774320000000003 sec,6.020270099999999 sec,26.6805461 sec,8.092062499999997 sec,3.479768700000001 sec,4.774729899999997 sec,10.401065299999999 sec,10.294498099999998 sec,40.342010900000005 sec,22.947414499999994 sec,0.8146583000000192 sec
0.0002219000000005522 sec,0.0005359999999994258 sec,0.21331480000000003 sec,0.4092160000000007 sec,6.0334278 sec,27.8400942 sec,8.1123695 sec,3.5828817000000015 sec,5.122555399999996 sec,11.4644495 sec,10.570457099999999 sec,41.0072016 sec,25.166057900000013 sec,0.8093074999999885 sec,6.769673800000021 sec
0.00020469999999761512 sec,0.00031930000000102154 sec,0.12795600000000107 sec,0.41426249999999953 sec,8.2631786 sec,43.6490053 sec,10.421662999999995 sec,7.861868299999998 sec,6.615925700000005 sec,10.859227200000007 sec,13.028248600000012 sec,57.81546730000001 sec
0.00036180000000030077 sec,0.0008225999999993405 sec,0.6230124999999997 sec,1.0365836999999996 sec,8.860561299999999 sec,40.703263199999995 sec,10.901161900000005 sec,7.6260917999999975 sec,5.348961199999991 sec,8.414255699999998 sec,12.524346100000002 sec,47.197811999999985 sec

0.00032000000000032003 sec,0.0002591000000009558 sec,0.6158944999999996 sec,1.0111746999999998 sec,9.243547699999999 sec,45.250048400000004 sec,12.424641200000003 sec,7.839483999999999 sec,4.940187300000005 sec,13.072946399999992 sec,12.6399835 sec,55.611707800000005 sec,29.385741999999993 sec,0.9891791999999953 sec,5.735786200000007 sec
0.00028310000000075775 sec,0.0006837000000015081 sec,0.40134329999999885 sec,0.6955049999999989 sec,10.055230299999998 sec,42.3476166 sec,13.680309199999996 sec,6.2725978 sec,5.731917800000005 sec,10.710447400000007 sec,12.843744600000008 sec,55.01309139999999 sec,30.381578399999995 sec,0.9592626000000166 sec,5.6062240999999915 sec
0.0002835000000001031 sec,0.0004575999999998359 sec,0.4237037000000008 sec,0.7656701000000004 sec,5.518067200000001 sec,34.6859757 sec,6.857935400000002 sec,4.151450400000002 sec,5.359447500000002 sec,8.518624299999999 sec,11.0867133 sec,41.4714889 sec,22.678416000000013 sec,0.8951950000000011 sec,5.040520700000002 sec
0.0003986000000004708 sec,0.0006596000000005375 sec,0.5043292000000008 sec,1.0123740000000012 sec,9.4310417 sec,45.7717272 sec,11.297865200000004 sec,8.506773199999998 sec,5.679603599999993 sec,7.7147468 sec,12.70239029999999 sec,61.04565889999999 sec,30.595031000000006 sec,0.9461934999999926 sec,7.5481433999999865 sec,16.832692900000012 sec
0.00048149999999935744 sec,0.0007448000000014332 sec,0.5304580999999988 sec,0.8896067999999993 sec,10.1118314 sec,46.7896431 sec,13.0507827 sec,10.665465299999994 sec,5.666874699999994 sec,10.012853100000001 sec,13.001446599999994 sec,62.0958457 sec,28.076446300000015 sec,0.9517818999999861 sec,5.920972500000005 sec,14.793641199999996 sec
0.00044189999999844076 sec,0.0009020999999993506 sec,0.3806484000000001 sec,0.8583303000000004 sec,10.771855 sec,50.2681979 sec,14.666375600000002 sec,7.549908400000007 sec,3.9935497000000026 sec,11.52304740000001 sec,13.73358859999999 sec,64.71954930000001 sec,31.193099599999982 sec,0.9729269999999985 sec,5.4178817000000095 sec,18.083257099999997 sec
7.20999999996863e-05 sec,0.0004119999999998569 sec,0.20329819999999987 sec,0.3163735999999995 sec,2.4699407000000004 sec,19.364684699999998 sec,3.394416100000001 sec,1.1766909000000005 sec,3.7553847000000005 sec,6.1140173 sec,7.007505500000001 sec,21.305510299999995 sec,13.395309600000004 sec,0.44864539999998954 sec,2.0169023000000124 sec,7.652067200000005 sec
0.00015150000000030417 sec,0.0004945999999996786 sec,0.10921510000000012 sec,0.1750147000000002 sec,2.1197414000000006 sec,18.4765494 sec,3.4908479999999997 sec,1.1129596 sec,3.8748270999999974 sec,5.028588300000003 sec,7.116944700000005 sec,32.959018400000005 sec,13.210106300000007 sec,0.47926929999999857 sec,1.8733940999999987 sec,8.173918600000007 sec
6.810000000001537e-05 sec,0.0004441999999995616 sec,0.08595169999999985 sec,0.1638799999999998 sec,2.3970157 sec,19.086660499999997 sec,3.7344313000000007 sec,1.2162849999999992 sec,3.6515737999999978 sec,5.915912299999995 sec,7.351261200000003 sec,21.498927400000007 sec,12.67295820000001 sec,0.41056569999999226 sec,1.9166271999999935 sec,7.846049600000001 sec
5.9499999999879094e-05 sec,0.0004146000000000427 sec,0.1605616999999997 sec,0.2113037999999996 sec,2.1297641 sec,18.2175217 sec,3.2067213999999993 sec,1.2846933000000007 sec,3.4722383999999984 sec,5.211473899999998 sec,7.128459800000002 sec,24.45253780000001 sec,13.303329700000006 sec,0.4102274000000108 sec,2.133064900000008 sec,7.957738500000005 sec
7.270000000048071e-05 sec,0.00043249999999961375 sec,0.13136919999999996 sec,0.1787700000000001 sec,2.1504961000000007 sec,13.0171487 sec,16.9116228 sec,3.492298299999998 sec,1.4083894999999984 sec,3.660232699999998 sec,5.448201299999997 sec,7.469349399999999 sec,24.117193099999994 sec,13.639471599999993 sec,0.4486746000000039 sec,2.2049272999999943 sec,8.489054299999992 sec
5.6800000000301054e-05 sec,0.00040550000000028064 sec,0.11916990000000016 sec,0.17983349999999998 sec,2.1279006999999996 sec,13.2727428 sec,17.0521475 sec,3.3243898000000023 sec,1.3282480999999997 sec,3.577671300000002 sec,5.222510400000001 sec,7.100402799999998 sec,33.734956999999994 sec,13.368118999999993 sec,0.40942250000000513 sec,2.2013773000000043 sec,8.457278200000005 sec,24.380241600000005 sec
8.939999999935111e-05 sec,0.0004271999999998499 sec,0.11916979999999988 sec,0.17242520000000017 sec,2.2127877 sec,13.2885093 sec,17.4008877 sec,3.653005799999999 sec,1.6386290999999993 sec,3.7110366 sec,5.500276200000002 sec,7.1553051 sec,23.839216899999997 sec,13.65846909999999 sec,0.3949833999999868 sec,2.333379800000003 sec,8.515124499999999 sec
6.500000000020378e-05 sec,0.00040160000000000196 sec,0.10644369999999981 sec,0.16464259999999964 sec,2.2135892999999998 sec,13.109376199999998 sec,17.3583481 sec,3.607725000000002 sec,1.4929941999999983 sec,3.6495557000000005 sec,5.5878004000000026 sec,7.502698200000005 sec,22.0526688 sec,14.79027640000001 sec,0.4775269999999949 sec,2.3497146999999927 sec,9.365809499999997 sec
0.0002420000000000755 sec,0.0002827000000005242 sec,0.08590779999999931 sec,0.13648419999999994 sec,2.3726282999999997 sec,14.0622167 sec,18.4046837 sec,3.8861241 sec,1.6695425000000021 sec,3.910577700000001 sec,6.574457500000001 sec,8.216175800000002 sec,26.878136400000002 sec,13.783574099999996 sec,0.511304899999999 sec,2.5130259999999964 sec,10.481062099999988 sec
5.9999999999504894e-05 sec,0.0006511000000006817 sec,0.17356770000000044 sec,0.2335395 sec,2.5320164000000007 sec
6.030000000034619e-05 sec,0.0008128999999996722 sec,0.29635190000000033 sec,0.39529500000000084 sec,2.720601600000001 sec,14.368110300000001 sec,19.0279077 sec,4.169377800000003 sec,1.8049029000000019 sec,3.8883583999999978 sec,6.126877 sec,7.545993300000006 sec,37.641172000000005 sec,15.352617999999993 sec,0.4442434999999989 sec,2.7110507000000013 sec,9.493334099999998 sec,57.57016530000001 sec,62.571440800000005 sec
5.879999999969243e-05 sec,0.00039709999999981704 sec,0.09642209999999984 sec,0.1463163000000005 sec,2.4720541000000003 sec,14.1979774 sec,18.8361538 sec,4.248416000000002 sec,1.790029699999998 sec,4.423059900000002 sec,6.295375299999996 sec,8.0574613 sec,28.02783579999999 sec,15.46441329999999 sec,0.4610103000000123 sec,2.7002908000000048 sec,10.229782999999998 sec
5.820000000067438e-05 sec,0.0004261000000003179 sec,0.18285339999999994 sec,0.2963155999999998 sec,2.852767899999999 sec,14.827172699999998 sec,20.056902299999997 sec,4.747610000000002 sec,2.056567900000001 sec,4.131720800000004 sec,7.2402456000000015 sec,7.641022599999999 sec,29.7276612 sec,14.144057499999988 sec,0.44880990000000054 sec,2.5250680000000045 sec,9.178931199999994 sec,24.286312100000004 sec,29.363825199999994 sec
0.00040369999999967376 sec,0.00047999999999959186 sec,0.47430989999999973 sec,0.843294199999999 sec,13.2492716 sec,36.6930954 sec,59.457500599999996 sec,20.214288100000005 sec,12.691121199999998 sec,7.726832099999996 sec,8.330163400000004 sec,16.50648650000001 sec,80.88652669999999 sec,34.7228748 sec,0.9929468999999926 sec,6.784215799999998 sec,16.280494300000015 sec,40.76695099999998 sec
0.0004594000000004428 sec,0.00033550000000026614 sec,0.2101468999999998 sec,0.691037399999999 sec,12.928631099999999 sec,37.873945899999995 sec,65.3551483 sec,17.174996300000004 sec,16.28134 sec,6.861031699999998 sec,13.649424299999993 sec,16.905420599999985 sec,81.4193109 sec,33.10176289999998 sec,0.9739629999999693 sec,7.767490299999963 sec,17.461016099999995 sec,37.798313399999984 sec
0.00035210000000063246 sec,0.0004878999999995415 sec,0.3668174000000004 sec,0.8730742000000014 sec,13.450639800000001 sec,37.8932606 sec,67.72243270000001 sec,17.238600899999994 sec,16.996828100000002 sec,7.173835099999991 sec,13.387624300000013 sec,17.111575199999976 sec,55.1620757 sec,13.920994000000007 sec,0.5209598999999798 sec,2.278420400000016 sec,8.8114827 sec,23.585402700000003 sec
0.00018080000000075813 sec,0.00042909999999984905 sec,0.21827620000000003 sec,0.5503680000000006 sec,7.188097399999998 sec,25.845744499999995 sec,38.7163221 sec,12.227355099999997 sec,6.7658062 sec,5.7868244999999945 sec,11.538397700000004 sec,11.996507100000002 sec,47.90409839999998 sec,25.771865700000006 sec,0.9129525000000172 sec,7.227701999999994 sec,18.580803900000006 sec,37.037209399999995 sec,95.62616019999999 sec
0.00028779999999972716 sec,0.00043170000000003483 sec,0.1999789999999999 sec,0.5403354999999994 sec,8.426131599999998 sec,27.3924979 sec,42.594962800000005 sec,12.701530400000003 sec,6.654201199999996 sec,7.728149299999998 sec,8.758805100000004 sec,12.443888799999996 sec,48.76087829999999 sec,24.923638100000005 sec,0.9134687000000099 sec,9.081262699999996 sec,19.042923599999995 sec,39.46017850000001 sec
0.00025809999999992783 sec,0.00046690000000015885 sec,0.20381499999999964 sec,0.5717270000000001 sec,7.677884 sec,26.567237700000003 sec,41.981297999999995 sec,12.2979002 sec,5.396410099999997 sec,7.047842399999993 sec,10.299987400000006 sec,11.134671999999995 sec,55.4825587 sec,29.874529800000005 sec,0.9329030999999759 sec,6.195335499999999 sec,17.746366799999976 sec,37.54625829999998 sec,96.00965759999997 sec
0.0002911000000000996 sec,0.00037639999999949936 sec,0.17198389999999986 sec,0.4040229000000002 sec,7.176763599999999 sec,25.2007301 sec,38.4675504 sec,12.592460700000004 sec,6.688905599999998 sec,4.687321600000004 sec,8.326771999999991 sec,12.363878799999995 sec,57.77855349999999 sec,28.305940900000024 sec,0.9450478999999916 sec,6.986806999999999 sec,15.507215799999983 sec,35.917355799999996 sec,96.88837550000002 sec,104.5819966 sec
0.00034420000000068285 sec,0.0005591000000002566 sec,0.3750916000000011 sec,0.8496620000000004 sec,10.7997811 sec,22.870440900000002 sec,27.5461482 sec,3.8985933999999958 sec,1.7028013000000044 sec,3.9929884999999956 sec,5.873386400000001 sec,7.6182706999999965 sec,28.415856800000007 sec,14.4477598 sec,0.3908875999999992 sec,2.5700815999999946 sec,7.289318199999997 sec,15.242531800000009 sec,6.150585199999995 sec,6.3607868 sec,6.788273000000004 sec
6.0099999999785325e-05 sec,0.00020750000000013813 sec,0.05236769999999957 sec,0.10986009999999968 sec,2.5757151999999994 sec,15.3841548 sec,20.616866100000003 sec,4.479803200000003 sec,1.9275430000000036 sec,3.958221899999998 sec,7.985851299999993 sec,8.110780300000002 sec,29.098339900000006 sec,15.629934500000005 sec,0.6159661000000085 sec,2.939576399999993 sec,8.285542700000008 sec,18.174125900000007 sec,7.4496252 sec,6.4060665000000085 sec,8.692209999999989 sec
5.8399999999458885e-05 sec,0.0002601000000002074 sec,0.2036498 sec,0.25814809999999966 sec,2.9721265999999993 sec,18.7682916 sec,23.5792457 sec,5.3446201 sec,3.0098141 sec,4.354817400000002 sec,6.091955900000002 sec,8.380192800000003 sec,33.650918100000005 sec,15.637591200000003 sec,0.5638658999999961 sec,2.951085600000013 sec,8.272965600000006 sec,16.954965 sec,7.156743700000021 sec,7.010637000000003 sec,6.913197199999985 sec,1.3765358999999933 sec
6.379999999950314e-05 sec,0.0003355999999996584 sec,0.11665040000000015 sec,0.1712283000000001 sec,2.7385662 sec,15.1233703 sec,21.064476900000003 sec,4.5452531 sec,2.2079518999999976 sec,4.270673100000003 sec,6.6677386 sec,8.9739188 sec,31.7435125 sec,15.843372699999989 sec,0.5825758000000008 sec,3.040157199999996 sec,8.424392400000002 sec,16.975215899999995 sec,8.042537299999992 sec,6.745813999999996 sec,8.601847100000015 sec
0.0001547000000003962 sec,0.0003400999999998433 sec,0.0914041000000001 sec,0.15172629999999998 sec,3.1396032000000007 sec,15.293318 sec,21.2891029 sec,5.171126600000001 sec,2.6492084000000062 sec,4.106651399999997 sec,6.580757300000002 sec,8.325643499999998 sec,30.900372100000006 sec,15.19186040000001 sec,0.3993856000000022 sec,2.798229499999991 sec,7.1547166 sec,16.053880699999993 sec,6.568655799999988 sec,6.331253000000004 sec,7.432153299999982 sec
0.00021890000000013288 sec,0.00017649999999935773 sec,0.05308380000000046 sec,0.1358472000000006 sec,3.0519898000000003 sec,15.389980699999999 sec,21.5870774 sec,5.4000094999999995 sec,2.616380999999997 sec,4.476763300000002 sec,7.4635508 sec,8.6251495 sec,31.668127300000002 sec,15.3942603 sec,0.5356208999999978 sec,2.9890934000000016 sec,7.335789500000004 sec,16.081077899999997 sec,6.988561400000009 sec,6.4601280999999915 sec,7.746074099999987 sec
0.0002013999999999072 sec,0.00043520000000007997 sec,0.21399729999999995 sec,0.5051667999999996 sec,8.456019 sec,29.3745749 sec,45.1472624 sec,10.322336999999997 sec,7.497982900000004 sec,6.0092152 sec,9.211637699999997 sec,13.339932099999999 sec,57.126774499999996 sec,32.722106199999985 sec,0.9350618999999938 sec,6.8130251999999984 sec,9.610746599999999 sec,20.7021953 sec,12.781874799999997 sec,9.420814399999983 sec,11.181998899999996 sec,38.176632299999994 sec,52.737723800000026 sec
0.0002531999999995094 sec,0.0002639999999995979 sec,0.2968896000000001 sec,0.5042518999999999 sec,10.6981787 sec,29.8797018 sec,48.3795101 sec,18.4101407 sec,9.957300599999996 sec,7.3292035000000055 sec,12.699947600000002 sec,15.925926899999993 sec,70.8996383 sec,31.055979400000012 sec,0.9450277999999912 sec,9.617071899999985 sec,13.533785500000022 sec,20.880512100000004 sec,12.949609199999998 sec,9.532546400000001 sec,11.588633200000004 sec,37.52460869999999 sec,48.54911269999997 sec
0.00027309999999935997 sec,0.000523499999999899 sec,0.2707271999999996 sec,0.5216179000000007 sec,7.896719299999999 sec,27.9950969 sec,47.1853684 sec,14.240678100000004 sec,8.822240999999991 sec,9.622423999999995 sec,14.746830100000011 sec,12.890635399999994 sec,65.2396237 sec,36.949345299999976 sec,0.9602594000000124 sec,7.412415199999998 sec,12.256177300000019 sec,21.6274109 sec,15.02991350000002 sec,9.869604900000013 sec,14.57336859999998 sec,30.90581080000004 sec,41.44245050000001 sec,49.220600500000046 sec
0.0003798000000010404 sec,0.00024150000000133787 sec,0.33526529999999966 sec,0.4416589999999978 sec,10.598455100000002 sec,33.3648644 sec,51.858649199999995 sec,16.8529623 sec,9.323965600000008 sec,7.3648922 sec,10.445138900000003 sec,14.904425700000004 sec,81.7687321 sec,38.446710800000005 sec,0.9444952000000058 sec,7.778296300000022 sec,12.460282900000038 sec,29.097597399999984 sec,13.02085969999996 sec,11.836761500000023 sec,14.967374600000028 sec,46.45990710000001 sec,58.428041699999994 sec,69.2392724 sec

5.9600000000159525e-05 sec,0.0004272000000007381 sec,0.11964659999999938 sec,0.18350869999999997 sec,2.8827701999999995 sec,15.596683699999998 sec,21.5151186 sec,5.213058499999999 sec,2.4921213999999985 sec,4.139777000000002 sec,6.624662100000002 sec,7.893367600000005 sec,25.75325 sec,15.940110999999987 sec,0.4695053000000087 sec,3.1426799999999986 sec,7.774676999999997 sec,17.37154629999999 sec,7.206204100000008 sec,6.410985199999999 sec,7.250273200000009 sec,20.379927500000008 sec,28.101967599999995 sec,30.38933510000001 sec
5.979999999983221e-05 sec,0.00033130000000003434 sec,0.11572739999999992 sec,0.18253590000000042 sec,3.3400592000000007 sec,16.652070000000002 sec,23.139952200000003 sec,5.229525900000002 sec,2.981443199999994 sec,4.14911 sec,7.4483305999999985 sec,8.916283399999998 sec,31.4676323 sec,16.8221829 sec,0.4950137000000012 sec,3.7297180999999995 sec,7.837084900000008 sec,19.55528080000002 sec,7.809388000000013 sec,6.633958100000001 sec,8.133425299999999 sec,20.759635899999978 sec,29.136339399999997 sec,31.46766119999998 sec,71.4553316 sec
0.00047220000000081086 sec,0.0006038999999997685 sec,0.33215219999999945 sec,0.5856963999999998 sec,6.688470599999999 sec
5.780000000044083e-05 sec,0.0004105000000009795 sec,0.083005 sec,0.15018680000000018 sec,1.7163603999999992 sec,12.1253281 sec,14.979790900000001 sec,2.4579279000000014 sec,0.7294601000000007 sec,3.2457557999999977 sec,5.708465399999998 sec,6.739628699999997 sec,1.8040056999999976 sec,19.007640099999996 sec,31.85209119999999 sec,0.3941997000000015 sec,6.084941900000018 sec,0,0,0.002781599999991613 sec,0,0,0,0,0,0,0
6.210000000006488e-05 sec,0.00041650000000004184 sec,0.19559939999999987 sec,0.2508170999999999 sec,1.9269942000000002 sec
9.000000000014552e-05 sec,0.0004301999999984929 sec,0.249023600000001 sec,0.3137313000000006 sec,1.9929752 sec,12.415861900000001 sec,15.873654199999999 sec,3.1872218999999973 sec,1.3403489000000022 sec,3.4914682000000035 sec,6.0880905 sec,7.044601499999999 sec,2.209561800000003 sec,20.946862700000004 sec,13.420873600000007 sec,0.6878692000000086 sec
5.699999999997374e-05 sec,0.0005445000000001698 sec,0.22326550000000012 sec,0.28430610000000023 sec,2.287073500000001 sec,13.367705699999998 sec,17.231457199999998 sec,3.4650435 sec,1.0026148 sec,3.4808977999999975 sec,6.094410599999996 sec,7.874591899999999 sec,2.1001925999999997 sec,27.576589600000005 sec,14.349563500000002 sec,0.4260304000000019 sec,5.904502700000009 sec
6.44999999996898e-05 sec,0.00041020000000013823 sec,0.11044769999999993 sec,0.20023610000000058 sec,2.0209785 sec,13.359876300000002 sec,17.2378573 sec,3.011209899999997 sec,1.701304699999998 sec,3.3728910000000027 sec,6.446964799999996 sec,7.863946400000003 sec,2.7685943000000037 sec,25.660938100000003 sec,14.592540999999997 sec,0.4092152999999996 sec,30.777927599999998 sec,5.91232389999999 sec
6.4000000000064e-05 sec,0.0004220999999997588 sec,0.09632200000000068 sec,0.1583036 sec,2.488237400000001 sec,13.864873300000001 sec,17.7372991 sec,3.108074700000003 sec,1.4023667999999994 sec,3.4060590999999967 sec,6.315822699999998 sec,7.279610699999999 sec,2.8076700000000017 sec,26.016658 sec,13.568148499999992 sec,0.4323749999999933 sec
5.7899999999833085e-05 sec,0.0004767000000001076 sec,0.25174059999999976 sec,0.32085600000000003 sec,2.3286362 sec,14.0347503 sec,17.825629499999998 sec,2.9443680000000008 sec,1.4072291000000021 sec,3.7383884999999992 sec,6.854067800000003 sec,7.523092800000001 sec,2.3294210000000035 sec,20.258694300000002 sec,13.721295100000006 sec,0.3685894999999988 sec,10.943286200000003 sec
5.6299999999787076e-05 sec,0.000391200000000147 sec,0.20338369999999983 sec,0.25708030000000015 sec,1.9991265 sec,12.372166400000001 sec,15.5334282 sec,2.8796982999999976 sec,0.9832383999999976 sec,3.4657030000000013 sec,6.0227420999999985 sec,7.044265099999997 sec,2.0655023999999997 sec,20.0624429 sec,13.250322300000008 sec,0.3411157999999972 sec,10.021850999999998 sec,5.2706783 sec
8.189999999963504e-05 sec,0.00023070000000036117 sec,0.06110930000000003 sec,0.1329741000000002 sec
6.019999999917758e-05 sec,0.00013179999999923808 sec,0.05488530000000047 sec,0.11308160000000012 sec,2.0825111000000005 sec,12.532339999999998 sec,15.943253200000001 sec,3.1722675000000002 sec,1.237100599999998 sec,3.559650999999999 sec,6.487779599999996 sec,6.966576199999999 sec,2.176551400000001 sec,19.7071355 sec,13.6264793 sec,0.32618759999999725 sec,5.049340999999998 sec
5.940000000048684e-05 sec,0.00022490000000008337 sec,0.05653940000000013 sec,0.11007899999999982 sec,2.073455899999999 sec,12.786920799999999 sec,16.155225199999997 sec,2.9408045000000023 sec,1.0851509999999998 sec,3.5373164999999993 sec,6.3269947 sec,7.2484382000000025 sec,2.2007312 sec,19.902317000000004 sec,13.485432799999998 sec,0.3220702999999929 sec,5.298113900000004 sec
6.880000000020203e-05 sec,0.00015699999999974068 sec,0.0513325 sec,0.10402369999999994 sec,2.0323582 sec,12.528630099999997 sec,15.9112124 sec,3.071369400000002 sec,1.1474230999999975 sec,3.3923631000000007 sec,6.263365699999998 sec,6.801592400000004 sec,2.237817100000001 sec,19.520408000000003 sec,13.89732810000001 sec,0.39279439999999965 sec,5.0947479000000016 sec
5.77000000001604e-05 sec,0.0002471999999995589 sec,0.054835999999999885 sec,0.123977 sec,2.0612095000000004 sec,12.776777099999999 sec,16.2382311 sec,3.0810820999999997 sec,1.1686324 sec,3.3676565000000025 sec,6.300029900000002 sec,7.171823600000003 sec,2.3534533999999994 sec,20.846689399999995 sec,13.527429300000009 sec,0.46570090000000164 sec,5.223449800000012 sec
6.0599999999411125e-05 sec,0.0001369000000002174 sec,0.05709679999999917 sec,0.10823509999999992 sec,2.1206607999999996 sec,12.7546207 sec,16.2873315 sec,3.1343149999999973 sec,1.3111875000000026 sec,3.480778000000001 sec,6.607473800000001 sec,7.157552800000005 sec,2.3436771000000007 sec,20.775681700000007 sec,13.74839510000001 sec,0.44416030000000717 sec
5.870000000030018e-05 sec,0.00012710000000026866 sec,0.053897000000000084 sec,0.11165339999999979 sec,2.1429434999999994 sec,12.759357000000001 sec,16.7853816 sec,3.4044193999999983 sec,1.330820899999999 sec,3.527912999999998 sec,6.786626299999998 sec,6.8865093 sec,2.8552601000000024 sec,20.312231600000004 sec,14.763032600000003 sec,0.3759002000000038 sec
7.209999999879813e-05 sec,0.0003585000000008165 sec,0.19693010000000122 sec,0.2807069000000002 sec,2.6156424000000005 sec,13.473512500000002 sec,17.9536963 sec,3.7061048999999997 sec,1.4707549000000029 sec,4.0040297 sec,7.016668600000003 sec,7.346963700000003 sec,2.6274958999999996 sec,20.794245999999994 sec,14.193274500000001 sec,0.3588553000000019 sec,6.3423911999999945 sec
5.6299999999787076e-05 sec,0.00014219999999998123 sec,0.053728200000000115 sec,0.10504620000000031 sec,2.2237348999999993 sec,12.894451399999998 sec,16.6966546 sec,3.379885099999999 sec,1.3652572999999997 sec,3.6492717 sec,6.893684399999998 sec,7.260226599999996 sec,2.5089219000000043 sec,20.6171791 sec,14.168680500000008 sec,0.36987580000000264 sec,6.4211078000000015 sec,5.307076899999998 sec
8.910000000028617e-05 sec,0.00023630000000007811 sec,0.06446910000000017 sec,0.14050769999999968 sec,2.2484744999999995 sec,13.381727599999998 sec,16.985355 sec,3.1776707 sec,1.2414695999999985 sec,3.4681242999999995 sec,6.739407599999996 sec,7.0388813 sec,2.5360794999999996 sec,21.482811599999998 sec,14.2986736 sec,0.39229699999999923 sec,16.422592499999993 sec
7.670000000015165e-05 sec,0.00022979999999961365 sec,0.0560862000000002 sec,0.11750250000000051 sec,2.3990944999999995 sec,13.3724944 sec,17.7269715 sec,3.7715146999999973 sec,1.6079012000000006 sec,3.942116000000002 sec,7.0449999000000005 sec,7.300800500000001 sec,2.9617693000000003 sec,21.779580800000005 sec,15.4874011 sec,0.40522199999999486 sec,5.675710699999996 sec,21.760196499999978 sec
6.120000000020553e-05 sec,0.00014230000000026166 sec,0.06329490000000071 sec,0.1393929000000007 sec,2.8105896 sec,14.169954300000002 sec,19.101469100000003 sec,4.247883000000002 sec,2.1072580999999992 sec,3.8100161999999997 sec,7.552006599999999 sec,7.286602599999995 sec,2.935317700000006 sec,23.145090800000006 sec,14.784971899999988 sec,0.35172439999999483 sec,17.341049499999997 sec
5.990000000011264e-05 sec,0.00019390000000019114 sec,0.05248689999999989 sec,0.1049023999999994 sec,2.2128011 sec,13.505729899999999 sec,18.066222 sec,3.3895262000000024 sec,1.3218080999999984 sec,3.528989000000003 sec,6.518169 sec,6.960789499999997 sec,2.7246728000000004 sec,22.204675799999997 sec,14.4849641 sec,0.367112800000001 sec,16.5921893 sec
5.939999999959866e-05 sec,0.00014230000000026166 sec,0.058748699999999765 sec,0.10908759999999962 sec,2.301409499999999 sec,13.2487895 sec,17.3030905 sec,3.6127810999999994 sec,1.5075776000000012 sec,3.745235799999996 sec,6.8445826000000025 sec,7.355260300000005 sec,2.8454718000000057 sec,22.243023900000004 sec,14.687735000000004 sec,0.46022920000000056 sec,16.9602122 sec
5.7799999999552654e-05 sec,0.00024120000000049657 sec,0.05564739999999979 sec,0.11480809999999941 sec,2.4326269 sec,13.523027499999998 sec,17.9550283 sec,3.4664456 sec,1.4165840000000003 sec,3.621728199999996 sec,6.7469336000000055 sec,7.124321299999998 sec,2.792009 sec,21.849845799999997 sec,14.571865900000006 sec,0.3837187999999969 sec,20.3439257 sec
5.810000000039395e-05 sec,0.0002582999999996005 sec,0.15750149999999952 sec,0.2523407999999998 sec,2.452357799999999 sec,13.649553699999998 sec,17.869035699999998 sec,3.7168467000000014 sec,1.5904656999999993 sec,3.7123127999999994 sec,6.666994299999999 sec,7.257452399999998 sec,2.8968349000000018 sec,21.779190600000007 sec,14.940719999999999 sec,0.37515910000000474 sec,20.672525800000003 sec,5.978448500000013 sec
5.930000000020641e-05 sec,0.000366100000000813 sec,0.05216599999999971 sec,0.1042367999999998 sec,2.3150379 sec,13.2865946 sec,17.3489382 sec,3.5890704999999983 sec,1.4864952000000002 sec,3.654145800000002 sec,6.7258049 sec,7.339579200000003 sec,2.9015020000000007 sec,21.233267600000005 sec,14.628573399999993 sec,0.37664070000001004 sec,20.678103800000002 sec,12.357333400000002 sec,20.630597199999997 sec,6.128426300000001 sec,6.128994800000015 sec
5.7400000000207285e-05 sec,0.00026370000000053295 sec,0.05607240000000058 sec,0.10831320000000044 sec,2.3034638999999997 sec,13.448546 sec,17.8142502 sec,3.8726415000000003 sec,1.722532900000001 sec,3.7356342 sec,6.8181597000000025 sec,7.624244300000001 sec,2.9681098000000006 sec,23.624590800000007 sec,14.706140200000007 sec,0.4024811000000028 sec,21.052338700000007 sec,13.170669899999993 sec,20.641327500000003 sec,6.246907499999992 sec,6.0441192000000115 sec,6.870967500000006 sec,17.624648400000012 sec,12.97885119999998 sec,0.7043153999999845 sec,7.663480700000008 sec,8.236378700000017 sec
5.810000000039395e-05 sec,0.00015220000000049083 sec,0.051697400000000115 sec,0.10800210000000021 sec,2.4395940000000005 sec,13.7929524 sec,18.313175400000002 sec,3.9548789000000006 sec,1.6928762000000006 sec,4.0710409 sec,6.9530776 sec,6.708106899999997 sec,18.918804200000004 sec,12.8649549 sec,0.6335547000000048 sec,7.965882700000009 sec,8.187324000000004 sec,8.770341799999997 sec,0.0021567999999945187 sec,1.0013812999999914 sec
5.909999999964555e-05 sec,0.0001572999999996938 sec,0.05271549999999969 sec,0.10761989999999955 sec,2.5468446 sec,13.5180864 sec,18.1607452 sec,3.9932289999999995 sec,1.7653441 sec,3.7386278999999973 sec,6.829275199999998 sec,6.594280699999999 sec,19.332434900000003 sec,12.6037994 sec,0.6981997999999976 sec,7.598019899999997 sec,20.151728199999994 sec,8.983533300000005 sec,0.0013522999999935337 sec,1.0248691000000036 sec
5.699999999997374e-05 sec,0.00018069999999958952 sec,0.05100229999999861 sec,0.10522259999999939 sec,2.6112351 sec,13.528429899999999 sec,17.871977 sec,3.7442465000000027 sec,1.5912390999999957 sec,3.7121918000000065 sec,6.688707700000002 sec,6.532243099999995 sec,18.855804900000003 sec,12.494219999999999 sec,0.6845471000000032 sec,7.53636019999999 sec,19.373314399999998 sec,7.4736402000000055 sec,8.683808100000007 sec,0.0012878999999941243 sec,0.968914500000011 sec
7.24000000005276e-05 sec,0.0002756000000001535 sec,0.0534327999999995 sec,0.1189631999999996 sec,2.7724638000000006 sec,14.0445886 sec,19.2077909 sec,4.5892934000000025 sec,2.027171799999998 sec,3.936548699999996 sec,7.396955399999996 sec,6.759557799999996 sec,23.129296800000006 sec,13.157506400000003 sec,0.8073622 sec,7.907638800000001 sec,21.4216404 sec,7.674235999999993 sec,8.717222100000015 sec,0.0018919999999980064 sec,0.0010729999999909978 sec,1.0271491000000026 sec
7.390000000029318e-05 sec,0.0001419000000009163 sec,0.0551168999999998 sec,0.11185669999999881 sec,2.4074557999999993 sec,13.212395299999999 sec,17.5117143 sec,3.7203206999999985 sec,1.5875349000000014 sec,3.6291142999999977 sec,7.0135626 sec,6.621692699999997 sec,9.812734200000001 sec
6.629999999852032e-05 sec,0.00022979999999961365 sec,0.05265069999999916 sec,0.1098479999999995 sec,2.4226802999999997 sec,13.3811273 sec,17.9769046 sec,4.000772300000001 sec,1.972974299999997 sec,3.742856500000002 sec,6.776962500000003 sec,6.439076100000001 sec,9.896627799999997 sec,41.6824577 sec,65.74543580000001 sec,34.12762809999998 sec,16.129012000000046 sec
5.8499999999739316e-05 sec,0.00025200000000147327 sec,0.05036340000000017 sec,0.10605649999999933 sec,2.4358135999999995 sec,13.407744099999999 sec,17.9158602 sec,4.0081165999999975 sec,1.7048903000000024 sec,3.8031950999999964 sec,6.714352300000002 sec,4.477440200000004 sec
9.939999999986071e-05 sec,0.00026809999999954925 sec,0.05089000000000077 sec,0.10828099999999985 sec,2.5153160999999997 sec,13.442931800000002 sec,18.009332800000003 sec,3.950847800000002 sec,1.7218349000000046 sec,3.7259044000000046 sec,6.749426700000001 sec,3.6448197999999934 sec,12.690743000000005 sec,13.319068300000005 sec,41.6370618 sec
5.930000000020641e-05 sec,0.0003539999999997434 sec,0.08274429999999988 sec,0.1377321000000009 sec,2.5327155999999995 sec,13.4690142 sec,18.1174844 sec,4.184936499999999 sec,1.8111813000000012 sec,3.7046240000000026 sec,6.743391100000004 sec,3.636197199999998 sec,12.694117400000003 sec,14.804438900000008 sec
6.890000000048246e-05 sec,0.0001642000000003918 sec,0.06028899999999915 sec,0.1405005999999993 sec,2.8928112000000006 sec,14.1969928 sec,19.573151699999997 sec,4.706494400000004 sec,2.069212499999999 sec,3.948101000000001 sec,7.183301400000005 sec,3.7760431000000025 sec,14.193435299999997 sec,18.8892872 sec
6.240000000090618e-05 sec,0.0001268999999997078 sec,0.05317939999999943 sec,0.10775869999999976 sec,2.500544100000001 sec,13.5238065 sec,18.268441 sec,4.0160439 sec,1.7966037000000057 sec,3.8247002000000023 sec,6.706235499999998 sec,6.428844599999998 sec,9.843533700000002 sec,18.0572058 sec,41.35570729999999 sec,27.810014800000005 sec,15.715355099999982 sec,15.623391099999992 sec,66.0928352 sec,132.09776860000002 sec,9.802966800000036 sec,27.37680229999995 sec,1.601200600000027 sec
6.510000000048421e-05 sec,0.00031430000000121083 sec,0.0577437000000014 sec,0.11951420000000113 sec,2.333591 sec,13.105217300000001 sec,17.298011600000002 sec,3.6929173000000013 sec,1.5207329000000058 sec,3.6447859999999963 sec,6.5879136 sec,0.9879277000000002 sec,3.6965125999999984 sec,0
5.9499999998990916e-05 sec,0.00013359999999984495 sec,0.059827499999999034 sec,0.11326459999999905 sec,1.8064266 sec,11.901422799999999 sec,14.717679699999998 sec,2.563551199999999 sec,0.8218253000000004 sec,3.3000416999999977 sec,5.618671599999999 sec,0.5676994000000022 sec,3.3759160999999978 sec,2.6225055000000026 sec,0,0
6.050000000001887e-05 sec,0.00016450000000034493 sec,0.05227450000000111 sec,0.10914930000000034 sec,1.7444424000000005 sec,11.860173400000003 sec,14.828854000000002 sec,2.6295377 sec,0.8067419999999998 sec,3.1567077999999995 sec,5.552575900000001 sec,0.6415677999999971 sec,3.3378356999999994 sec,2.4979382 sec,7.850390600000004 sec,7.968157999999995 sec,7.581780900000005 sec,0
6.530000000104508e-05 sec,0.00018910000000005311 sec,0.0596502000000001 sec,0.11177270000000128 sec,1.7713936000000015 sec,11.9019672 sec,14.8102605 sec,2.6246869000000004 sec,0.8309801000000014 sec,3.1874781 sec,5.662643200000005 sec,0.5635957000000005 sec,3.381396600000002 sec,2.715490299999999 sec,7.9509589999999974 sec,7.933902500000002 sec,7.628473399999997 sec,0,62.88489339999998 sec
6.410000000123262e-05 sec,0.00014819999999993172 sec,0.052851699999999724 sec,0.10908709999999999 sec,1.7654472000000005 sec,11.8832614 sec,15.0689956 sec,2.4800331 sec,0.7502877000000012 sec,3.145561799999996 sec,5.619704999999996 sec,0.5757548999999997 sec,3.3800545 sec,2.545434499999999 sec,7.8709068 sec,7.963330500000005 sec,7.592699199999998 sec,0
6.640000000146529e-05 sec,0.0002138999999985458 sec,0.049698199999999915 sec,0.10026550000000078 sec,1.7402469000000007 sec,11.894523600000001 sec,14.7770882 sec,2.5904820000000015 sec,0.8028751000000014 sec,3.1762980000000027 sec,5.594195800000001 sec,0.5600370999999953 sec,3.367338199999999 sec,2.483847400000002 sec,7.8333978 sec,7.896440800000001 sec,7.569307200000004 sec,13.323262799999995 sec
5.909999999964555e-05 sec,0.00015570000000053597 sec,0.07130730000000085 sec,0.12722549999999977 sec,1.7649913000000002 sec,11.895550000000002 sec,14.725128100000001 sec,2.559587099999998 sec,0.7787120999999999 sec,3.171877900000002 sec,5.637746099999994 sec,0.5720923000000013 sec,3.3402650000000023 sec,2.6991872000000043 sec,7.826947000000004 sec,7.904584700000001 sec,7.602311400000005 sec,13.374583000000001 sec,62.911349900000005 sec
0.00024009999999918819 sec,0.00038059999999973115 sec,0.21608750000000043 sec,0.42387500000000067 sec
0.00024350000000072924 sec,0.0006990000000000052 sec,0.23518940000000033 sec,0.4468439000000002 sec,5.6607113 sec,20.3857553 sec,28.003766400000004 sec,7.847521 sec,2.978505499999997 sec,4.919828700000004 sec,10.048606499999998 sec,2.029247699999999 sec,4.393223200000008 sec,3.516122800000005 sec,13.651522999999997 sec,14.1240679 sec,11.419388800000007 sec
0.000318400000000274 sec,0.0009011999999994913 sec,0.2240638000000006 sec,0.42849629999999994 sec,5.2460927 sec,19.9972762 sec,26.737287800000004 sec,6.3795280000000005 sec,2.6137279999999947 sec,4.745729699999998 sec,10.584729199999998 sec,1.610870999999996 sec,4.727427399999996 sec,3.706864699999997 sec,14.296755000000005 sec,13.7210733 sec,11.907227500000005 sec,19.28738580000001 sec
0.0002700999999998288 sec,0.0007380999999995197 sec,0.23215180000000046 sec,0.41806389999999993 sec,5.159804100000001 sec,19.7627268 sec,27.336731699999998 sec,6.362786399999997 sec,3.290438800000004 sec,4.323640000000005 sec,9.553142200000003 sec,2.0430769000000026 sec,4.592874099999996 sec,3.6049176000000074 sec,14.77380749999999 sec,13.352395799999996 sec,12.919365900000003 sec
0.00024690000000049395 sec,0.0005623999999997409 sec,0.29494609999999977 sec,0.6629970999999992 sec,4.579563499999999 sec,19.3897364 sec,27.004003700000002 sec,6.9436064 sec,2.645311400000004 sec,4.744301899999996 sec,9.243386900000004 sec,1.7469066000000026 sec,4.638022999999997 sec,3.605867900000007 sec,14.688908699999999 sec,11.614047299999996 sec,12.073210000000003 sec,16.107570499999994 sec
0.0002133999999998082 sec,0.0004827000000000581 sec,0.2707867000000004 sec,0.6735629000000003 sec,6.0034468 sec,19.443222600000002 sec,27.330805800000004 sec,8.332169300000004 sec,2.7454535999999976 sec,4.805532100000001 sec,8.634579500000001 sec,1.835852800000005 sec,4.820317700000004 sec,3.777798400000009 sec,14.247698999999997 sec,11.952513600000003 sec,11.873551199999994 sec,19.351229899999993 sec,99.42713110000001 sec
0.000350400000000306 sec,0.0004651999999998324 sec,0.3631101000000001 sec,0.6768314000000002 sec,5.3624628 sec,19.634235 sec,25.991315099999998 sec,8.442275299999999 sec,2.8279943000000003 sec,4.843872699999999 sec,8.079476399999997 sec,2.1064687000000006 sec,5.361980799999998 sec,3.907459799999998 sec,14.465843800000002 sec,13.014381499999999 sec,11.912368400000005 sec,20.4078861 sec,101.80570889999998 sec
0.00025760000000030203 sec,0.0005203000000006952 sec,0.3528950000000002 sec,0.6920896000000001 sec,5.328276999999999 sec,20.4898517 sec,28.305642199999998 sec,7.940978000000001 sec,2.3337471999999977 sec,5.219466699999998 sec,8.787203500000004 sec,9.1197497 sec,83.3507162 sec,1.783207400000009 sec,2.6245137999999884 sec,5.447504100000003 sec
0.00029880000000037654 sec,0.000594699999999726 sec,0.3041625999999997 sec,0.6897202999999994 sec,5.683319399999999 sec,20.1342109 sec,26.1752771 sec,6.2873363 sec,3.0816171000000026 sec,5.412934199999995 sec,9.569309000000004 sec,5.212801499999998 sec
0.00022539999999970917 sec,0.0003769999999994056 sec,0.27484779999999986 sec,0.6178003999999993 sec,4.826953 sec,18.788724000000002 sec,25.4075092 sec,6.770076499999998 sec,2.394873599999997 sec,4.775198099999997 sec,7.3504541 sec,5.039571600000002 sec,152.5874324 sec,2.074051300000008 sec,1.6605150999999978 sec,5.308484299999975 sec
0.00034759999999955937 sec,0.0004504999999994652 sec,0.32710989999999995 sec,0.6826347999999998 sec,5.1447582999999995 sec,19.4827744 sec,26.0055251 sec,6.516401499999997 sec,2.207650700000002 sec,4.300188799999994 sec,7.699687400000002 sec,4.666892200000007 sec,149.0138716 sec,1.9276360000000068 sec,2.4434731000000056 sec,4.744465099999985 sec
0.0003197000000003669 sec,0.0005610000000002557 sec,0.23101030000000033 sec,0.5566392000000002 sec,4.9369046999999995 sec,20.140733 sec,27.655988599999997 sec,6.736754300000001 sec,3.340675499999996 sec,4.8783730999999975 sec,7.3361090999999945 sec,3.134527200000001 sec,145.9471442 sec,1.894130500000017 sec
0.00021180000000065036 sec,0.00023129999999937922 sec,0.3075469000000002 sec,0.6985116999999992 sec,5.267626399999999 sec,19.903471600000003 sec,26.4609435 sec,5.622806199999999 sec,3.9988198999999938 sec,5.4086295000000035 sec,7.357860500000001 sec,10.4609169 sec,4.7941880000000054 sec,34.4295721 sec,74.0639163 sec,1.4421205000000157 sec,24.785607400000004 sec,14.670619299999998 sec,26.913815399999976 sec,9.20736310000001 sec,6.540589799999964 sec,8.339754599999992 sec,28.430286000000024 sec,19.281801400000006 sec,1.3101874999999836 sec,10.076462499999991 sec,41.66733350000004 sec,13.272135200000037 sec,10.848145799999998 sec,0.006192999999996118 sec,2.134721500000012 sec,5.081368800000007 sec,16.964306599999986 sec,33.461815 sec,55.90891240000002 sec,70.74016890000007 sec,22.03903099999991 sec,28.265877300000056 sec,113.92317249999996 sec,17.548151599999983 sec,36.718169699999976 sec,3.164621000000011 sec,1.1566919000000553 sec,5.073216399999978 sec,4.224537300000065 sec,15.083719000000087 sec,13.143344299999967 sec,11.893046400000003 sec,19.855875699999956 sec,116.36411309999994 sec,23.6966306999999 sec,30.53809549999994 sec,81.40134899999998 sec,59.69873759999996 sec,107.43506389999993 sec,15.898033599999962 sec,55.99853110000004 sec,92.10649050000006 sec,24.194827999999916 sec,119.03931949999992 sec,12.74507820000008 sec,38.77196090000007 sec,5.216527600000063 sec,16.510728599999993 sec,32.36528139999996 sec,66.8477898000001 sec,18.442219999999907 sec,50.27299130000006 sec,34.23760109999989 sec,242.91286920000016 sec,91.75663349999991 sec,157.56779159999974 sec,10.07446260000006 sec,10.433895600000142 sec,13.40226550000034 sec,48.85168130000011 sec,67.94154440000011 sec,43.333376300000054 sec,10.126512300000286 sec,21.067980600000283 sec,133.8349006000003 sec,30.1084450999997 sec,17.24520819999998 sec,15.066606200000024 sec,40.53666380000004 sec,51.61023920000025 sec,47.35515749999968 sec,27.710406899999725 sec,13.057891700000255 sec,243.74429610000016 sec,21.288840700000037 sec,24.432919200000015 sec,24.97459170000002 sec,5.250235200000134 sec,5.186317400000007 sec,1.1720660999999382 sec,7.248168400000395 sec,6.556264199999532 sec,3.3576438000000053 sec,10.533409599999686 sec,4.474358700000266 sec,4.982082100000298 sec,14.489083700000265 sec,4.4869871999999305 sec,42.52082319999954 sec,6.9207156000002215 sec,5.941895400000249 sec,5.888737400000537 sec,35.83473539999977 sec,26.247273099999802 sec,10.026935799999592 sec,8.162869699999646 sec,4.918105600000672 sec,5.212269399999968 sec,1.9506183000003148 sec,20.292612199999894 sec,11.539274400000068 sec,13.3321935999993 sec,25.21193029999995 sec,11.99239899999975 sec,6.576832099999592 sec,7.706776400000308 sec,23.557413100000304 sec,3.8091355000005933 sec,2.949731100000463 sec,2.9528378000004523 sec
7.480000000015252e-05 sec,0.00038810000000211176 sec,0.26034350000000117 sec,0.49157340000000005 sec,5.177442599999999 sec,19.4298945 sec,26.6197566 sec,5.372761099999998 sec,3.2342914999999977 sec,3.9796486000000044 sec,7.6449797 sec,9.431511799999996 sec,5.534268299999994 sec,39.34564830000001 sec,77.52233190000001 sec,1.318802599999998 sec,23.010570699999988 sec,14.215417799999983 sec,25.88561679999998 sec,6.572274600000014 sec,7.5429531999999995 sec,8.577706299999988 sec,23.14331180000005 sec,21.929202099999998 sec,1.5111271999999758 sec,9.27879680000001 sec,48.55318119999998 sec,12.118636699999968 sec,9.76489650000002 sec,0.006612599999982649 sec,1.7597701999999913 sec,4.608439599999997 sec,16.917576699999984 sec,30.221894599999985 sec,56.53364499999998 sec,62.27613379999991 sec,22.0910576 sec,21.416620500000022 sec,110.95270759999994 sec,19.94979969999997 sec,43.86750380000001 sec,2.0309010999999373 sec,3.568260900000041 sec,5.2378056000000015 sec,4.590294499999914 sec,16.536915399999998 sec,13.513522299999977 sec,13.313996999999972 sec,21.011695999999915 sec,107.45747189999997 sec,23.26928410000005 sec,33.57512669999994 sec,83.02789269999994 sec,56.284425700000156 sec,105.86224290000018 sec,19.028921999999966 sec,63.6181446999999 sec,100.30397279999988 sec,18.62226510000005 sec,123.01782960000014 sec,14.259839499999998 sec,36.9824993000002 sec,5.328461899999866 sec,29.220252399999936 sec,28.764514599999984 sec,62.01257480000004 sec,24.02339740000002 sec,48.891988299999866 sec,31.704084499999908 sec,225.21223729999997 sec,99.84852079999996 sec,172.11499029999982 sec,13.759330500000033 sec,10.878321099999994 sec,12.53847020000012 sec,52.82894119999992 sec,79.10225390000005 sec,54.90624109999999 sec,11.349079999999958 sec,24.80430179999985 sec,206.57527610000034 sec,36.29591089999985 sec,16.922177199999624 sec,16.62954959999979 sec,61.50314239999989 sec,71.1115136999997 sec,52.756402799999705 sec,37.857376199999635 sec,20.715997400000106 sec,369.5994489000004 sec,19.662271099999998 sec,25.16933169999993 sec,35.45919729999969 sec,25.75549719999981 sec,26.145724099999825 sec,183.49918909999997 sec,13.620543200000611 sec,18.235579500000313 sec,4.4643002000002525 sec,19.83192820000022 sec,17.71124409999993 sec,11.615502900000138 sec,19.02667250000013 sec,47.59876560000066 sec,5.237162800000078 sec,5.1905870000000505 sec,14.05840470000021 sec,4.549875400000019 sec,41.341835600000195 sec,7.006547599999976 sec,5.913904099999854 sec,5.901414900000418 sec,35.36348670000007 sec,24.447867199999564 sec,10.287643300000127 sec,8.57753699999921 sec,5.132231000000502 sec,5.445452199999636 sec,2.072056699999848 sec,20.64127499999995 sec,11.937924099999691 sec,13.560638500000096 sec,22.582991799999945 sec,14.550584300000082 sec,6.881140800000139 sec,16.208513600000515 sec,16.2104975000002 sec
5.7799999999552654e-05 sec,0.00044719999999998095 sec,0.09567100000000028 sec,0.14997910000000036 sec,1.7200774 sec,11.931595300000001 sec,14.532941399999999 sec,2.569246500000002 sec,0.6339134000000008 sec,3.218664799999999 sec,5.868365300000001 sec,6.989502200000004 sec,1.7052896000000004 sec,20.368878000000002 sec,31.128333799999993 sec,0.4417764999999889 sec,19.22717820000001 sec,11.912543599999992 sec,19.701203500000005 sec,5.124897899999979 sec,5.962951899999979 sec,6.573825899999974 sec,15.704618699999997 sec,11.783811500000013 sec,0.4435706999999809 sec,6.975051399999984 sec,18.84025170000001 sec,6.943009999999987 sec,8.158481200000011 sec,0.005989999999997053 sec,0.8124063000000206 sec,3.1355403000000024 sec,9.328131100000007 sec,15.992655499999984 sec,39.7862394 sec,25.570451299999945 sec,14.6432413 sec,12.560870399999999 sec,74.89186970000003 sec,9.20403650000003 sec,26.33179769999998 sec,1.263193200000046 sec,0.8275170000000003 sec,3.4913454 sec,2.526712900000007 sec,8.069717999999966 sec,8.12110709999996 sec,0,43.70694750000007 sec,7.451796299999955 sec,81.23535730000003 sec,7.442007799999942 sec,22.23510799999997 sec,4.914309200000048 sec,9.75356039999997 sec,16.529081099999985 sec,44.385138600000005 sec,11.52355799999998 sec,24.63248740000006 sec,0,0,0,0,0,0,0,0,6.470506100000421 sec,17.43601200000012 sec,15.281276100000014 sec,11.140045399999963 sec,9.252015999999912 sec,37.643611599999986 sec,16.03273080000008 sec,6.027030899999772 sec,6.029168300000038 sec
5.820000000067438e-05 sec,0.0003285000000001759 sec,0.15571239999999964 sec,0.2164899999999994 sec,1.7185335999999998 sec,12.065939999999998 sec,15.1657394 sec,2.4486865999999985 sec,0.7255542000000013 sec,3.4858495000000005 sec,6.060007800000001 sec,6.801018400000004 sec,1.7185593999999966 sec,19.8553919 sec,31.205732600000005 sec,0.5095194999999961 sec,19.2938767 sec,11.105349099999998 sec,18.592870200000007 sec,5.215895500000016 sec,5.9938980000000015 sec,6.746039100000019 sec,16.166191199999986 sec,11.997544300000015 sec,0.33907490000001417 sec,7.144375200000013 sec,20.259103600000003 sec,6.846175099999982 sec,8.392475599999983 sec,0.003343100000023469 sec,0.7996030999999846 sec,3.094448099999994 sec,9.09371710000002 sec,16.130037200000004 sec,39.83756690000001 sec,26.154577500000016 sec,14.540091300000029 sec,12.886306300000001 sec,77.25429709999997 sec,9.596927199999982 sec,0,0,0,0,0,0,0,0,0.1481489000000238 sec
0.00015119999999946288 sec,0.0001642000000003918 sec,0.054565699999999495 sec,0.1061185 sec,2.0281253 sec,12.432914499999999 sec,15.2084695 sec,2.584271000000001 sec,0.6745754999999996 sec,3.3145865999999984 sec,5.7242583000000025 sec,6.936033299999998 sec,1.8617732999999959 sec,24.101349900000002 sec,32.8029193 sec,0.6104383000000126 sec,20.2411769 sec,11.37780579999999 sec,18.860149700000022 sec,5.258176899999995 sec,5.866200100000015 sec,6.436319499999996 sec,16.0753766 sec,11.5312682 sec,0.3225269999999796 sec,7.016202600000014 sec,19.236022899999995 sec,6.939851500000003 sec,8.142586899999998 sec,0.0035215999999991254 sec,0.7662919999999929 sec,3.1861925999999983 sec,9.194824600000004 sec,15.704747300000008 sec,40.76309930000002 sec,25.955522599999995 sec,14.687795800000004 sec,12.607670400000018 sec,75.81744270000002 sec,9.292783799999995 sec,26.644778900000006 sec,1.2902185000000372 sec,0.8453160999999909 sec,3.403338099999985 sec,2.82397229999998 sec,8.439030399999979 sec,8.131288799999993 sec,7.610104999999976 sec,14.71398240000002 sec,68.04089920000001 sec,13.897832799999946 sec,18.677900499999964 sec,38.18711270000006 sec,29.91827400000011 sec,61.83398610000006 sec,10.336601599999995 sec,31.129956200000038 sec,56.02822530000003 sec,7.579075699999976 sec,83.65714630000002 sec,7.354746599999999 sec,22.253457599999933 sec,5.102091500000029 sec,9.83354230000009 sec,16.92213920000006 sec,44.56735190000006 sec,11.903291400000057 sec,25.9988836 sec,15.830610200000137 sec,89.85127610000018 sec,48.2357970999999 sec,86.45324409999989 sec,9.814141100000143 sec,2.5222561000000496 sec,3.6949173999998948 sec,28.37972220000006 sec,28.235563599999978 sec,26.34764229999996 sec,6.709106600000041 sec,13.075493700000152 sec,59.13304840000001 sec,20.666581799999904 sec,11.33008249999989 sec,11.073780899999974 sec,27.058059100000037 sec,36.7877582000001 sec,26.539251400000012 sec,19.83119920000013 sec,9.039361799999824 sec,95.43855580000013 sec
6.099999999964467e-05 sec,0.0002525000000002109 sec,0.08324739999999942 sec,0.1393911999999995 sec,1.6816626999999995 sec,11.812136199999998 sec,14.4957612 sec,2.3820757000000015 sec,0.7017704000000009 sec,3.2630707 sec,5.437864300000001 sec,6.644553800000004 sec,1.7928718000000003 sec,18.6815985 sec,30.4529735 sec,0.4315686999999997 sec,18.406975400000007 sec,11.067489500000008 sec,19.250546400000005 sec,5.0330558 sec,5.7396857999999895 sec,5.989348000000007 sec,15.403316999999987 sec,11.476920500000006 sec,0.3153035999999929 sec,6.971178499999979 sec,17.841581899999994 sec,6.6180483000000265 sec,7.9201881000000185 sec,0.003941400000002204 sec,0.7971474999999941 sec,3.138589599999989 sec,8.978744000000006 sec,16.097197600000015 sec,39.09495249999998 sec,24.038378599999987 sec,14.397657400000014 sec,12.482243399999959 sec,73.86245659999997 sec,8.874822400000028 sec,26.032832999999982 sec,1.288093300000014 sec,0.8510364999999638 sec,3.4192494000000124 sec,2.4390194000000065 sec,8.00901399999998 sec,8.158910400000025 sec,7.701672199999962 sec,13.691068100000052 sec,64.36814570000007 sec,13.484214299999962 sec,16.76320839999994 sec,36.62477590000003 sec,24.794360799999936 sec,54.829615399999966 sec,10.126907799999913 sec,26.514545 sec,49.831872299999986 sec,7.582741400000032 sec,78.46123539999996 sec,7.173102599999993 sec,21.82541619999995 sec,5.089289099999974 sec,8.74814600000002 sec,16.74138210000001 sec,43.411580500000014 sec,11.622188100000017 sec,24.60935840000002 sec,15.277326300000027 sec,86.42245670000011 sec,43.470276999999896 sec,79.70920920000003 sec,9.794906500000025 sec,2.3084720000001653 sec,3.54708770000002 sec,26.827754599999935 sec,27.840473900000006 sec,25.171870500000068 sec,5.962282899999991 sec,12.656164100000069 sec,58.861294199999975 sec,19.683823200000006 sec,10.654401300000018 sec,10.680248200000051 sec,25.27066519999994 sec,36.628081100000145 sec,26.840143800000078 sec,17.928324299999986 sec,7.960026900000003 sec,25.09990270000003 sec,25.440489399999933 sec,103.74805359999982 sec,107.61016640000003 sec,10.152035399999932 sec,11.470396300000175 sec,20.059357500000033 sec,24.144213400000126 sec,24.69512839999993 sec,63.965134600000056 sec,4.67637250000007 sec,4.737997899999982 sec,0.7419755999999325 sec,6.564753800000062 sec,5.990984499999968 sec,3.182117000000062 sec,10.074976799999831 sec,27.39204749999999 sec,4.896158000000014 sec,4.822501600000123 sec,14.089568599999893 sec,4.371582500000159 sec,40.85758600000008 sec,6.669214600000032 sec,6.059775300000183 sec,5.643336399999953 sec,34.714817699999685 sec,25.059595799999897 sec,9.919146000000183 sec,8.257142099999783 sec,4.91969169999993 sec,5.148624800000107 sec,1.958248200000071 sec,20.345356400000128 sec,11.462961200000336 sec,13.040192300000399 sec,22.773261999999704 sec,11.714894899999763 sec,6.70175909999989 sec,7.942563300000074 sec,47.91087140000036 sec,3.8838731999999254 sec,5.692552599999999 sec,16.036097699999573 sec,13.44286779999993 sec,10.666086599999744 sec,8.748297600000114 sec,39.1347039999996 sec,15.675499500000114 sec,5.555359700000281 sec,116.30747060000022 sec,7.928519199999755 sec,31.566984500000217 sec,24.379701000000296 sec,6.4255951000000096 sec,5.1961583000002065 sec,2.0473007999999027 sec,5.003411700000015 sec,39.972451499999806 sec
6.810000000001537e-05 sec,0.00018339999999916756 sec,0.05121240000000071 sec,0.11947900000000011 sec,1.7762250000000002 sec,11.9990643 sec,15.508297900000002 sec,3.4851651999999973 sec,0.7743387999999989 sec,3.527777999999998 sec,5.674971399999997 sec,7.394263000000002 sec,1.8537832999999964 sec,21.323959200000004 sec,31.352193 sec,0.4288296999999943 sec,60.126419799999994 sec,11.802333099999998 sec,18.687925399999983 sec,5.24394719999998 sec,5.821394599999991 sec,6.161313699999994 sec,15.863890199999986 sec,11.71989880000001 sec,0.3627132999999958 sec,7.147631499999989 sec,25.549065600000034 sec,7.054135200000019 sec,8.619660900000042 sec,0.902478100000053 sec,0,4.064336800000035 sec,9.194128200000023 sec,16.086671799999976 sec,39.8366757 sec,26.433970200000033 sec,14.767411400000015 sec,15.102936800000009 sec,77.33155110000001 sec,9.210854600000005 sec,26.23082050000005 sec,1.2879951999999548 sec,0.8031425000000354 sec,3.479014599999914 sec,2.888655999999969 sec,8.249933499999997 sec,16.491639000000077 sec,0,0,0,0,0,0,0,0,0,0,0,75.10864170000002 sec,14.24183190000008 sec,84.98710920000008 sec,88.42137170000001 sec,7.293337399999928 sec,25.30091870000001 sec,5.009173499999861 sec,9.483461499999976 sec,16.43119969999998 sec,8.477780500000108 sec,0,0,0,0,87.48941259999992 sec,45.628326400000105 sec,75.18522129999997 sec,81.42018729999995 sec,9.551009700000122 sec,1.993439700000181 sec,3.3212376999999833 sec,26.926370600000155 sec,25.917704500000127 sec,25.211590600000136 sec,6.353441999999859 sec,12.306925200000023 sec,55.62325699999997 sec,36.93114139999989 sec,26.151520599999913 sec,18.53428370000006 sec,8.302308900000071 sec,26.164994999999863 sec,26.344572900000003 sec,92.2653244999999 sec,103.35428719999982 sec,9.726733200000126 sec,11.884007900000142 sec,28.196814500000073 sec,23.347175200000038 sec,23.79504679999991 sec,64.64680750000025 sec,4.117620500000157 sec,3.9107601999999133 sec,0.7568661999998767 sec,6.091537999999673 sec,5.7540594000001875 sec,2.9578788999997414 sec,9.731279900000118 sec,27.252146100000118 sec,6.942906700000094 sec,4.240516700000171 sec,13.656100299999707 sec,4.214773199999854 sec,0,0,0,0,0,0,0,0,0,0,0,87.84753550000005 sec,0,12.062606799999685 sec,1.9380796999998893 sec,5.604552699999658 sec,7.828887199999826 sec,26.42235789999995 sec,0,1.2857192000001305 sec
1.6689188999999978 sec,0.00018140000000244072 sec
5.699999999997374e-05 sec,0.0001525999999998362 sec,0.13854350000000082 sec,0.23333220000000132 sec,2.142668500000001 sec,13.1917964 sec,16.238929499999998 sec,6.902277400000003 sec,0.7548341999999977 sec,5.616662799999993 sec,12.4352029 sec,6.655378900000002 sec,2.305869399999999 sec,22.015509099999996 sec,19.6491051 sec,24.123688200000004 sec,0,0,6.506235000000004 sec
7.359999999945188e-05 sec,0.00019779999999958164 sec,0.16172309999999968 sec,0.2662869999999993 sec,2.5235219000000004 sec,14.4287592 sec,18.8768315 sec,6.378402900000001 sec,1.3493880999999988 sec,6.590026999999999 sec,14.369339699999998 sec,7.2152955999999975 sec,0,25.761750300000003 sec,22.824291099999982 sec,26.590820500000007 sec,100.14065690000004 sec,14.208452799999975 sec,30.723370399999965 sec,8.929608599999995 sec,6.65846049999999 sec,6.559144099999969 sec,18.547658800000022 sec,0,0.5958626999999979 sec,7.6328841000000125 sec,23.911881600000015 sec,6.405896999999982 sec,9.07859400000001 sec,1.1695391999999742 sec,1.1729962999999657 sec
6.210000000006488e-05 sec,0.0003492999999998858 sec,0.3782993000000001 sec,0.48492599999999975 sec,2.8233704999999993 sec,14.393965999999999 sec,18.9336391 sec,6.446547699999996 sec,1.499842600000001 sec,6.1157386 sec,13.926116900000004 sec,9.468725199999994 sec,2.720739800000004 sec,27.129405399999996 sec,21.512956000000003 sec,28.990549400000006 sec,0
6.149999999927047e-05 sec,0.00019729999999995584 sec,0.11523459999999996 sec,0.21301449999999988 sec,2.4800017 sec,13.9174589 sec,17.9097388 sec,5.776490599999999 sec,1.2512472999999993 sec,5.765974800000002 sec,12.953724800000003 sec,7.2433552999999975 sec,2.6196649000000036 sec,25.0329307 sec,20.9487388 sec,25.744126199999982 sec,89.0507522 sec,14.56421469999998 sec,30.0106289 sec,7.85202929999997 sec,6.189885799999956 sec,6.5800466999999685 sec,19.0103747 sec,0,0.6368529999999737 sec,8.127246400000047 sec,22.07751029999997 sec,7.487975300000016 sec,9.905868499999997 sec,1.180907999999988 sec,1.183196099999975 sec
6.620000000001625e-05 sec,0.0002434000000004488 sec,0.09420800000000007 sec,0.1863179000000006 sec,2.5346469999999997 sec,13.2708697 sec,17.344065 sec,5.605782900000001 sec,1.3428186999999987 sec,5.6540994 sec,13.450713999999998 sec,7.228225099999996 sec,2.699507099999998 sec,25.933387600000003 sec,21.246729400000007 sec,25.716804400000015 sec,86.29325750000001 sec,12.785563499999995 sec,29.533784999999995 sec,7.998944399999971 sec,6.21759899999995 sec,6.513818100000037 sec,18.903270299999974 sec,0.5509734999999978 sec,7.954530500000033 sec,28.337545799999987 sec,6.375689600000044 sec,9.251143900000045 sec,0.9108817999999701 sec,3.81248149999999 sec,16.559418900000026 sec,47.39968920000001 sec,91.80611780000004 sec,18.842243199999984 sec,87.47530110000002 sec,10.703029399999991 sec,29.782698900000014 sec,1.4752879999999777 sec,1.4785026000000698 sec
0.0003126000000008844 sec,0.0003221999999993841 sec,0.675753499999999 sec,1.3313854999999997 sec,6.128542199999998 sec,19.758243599999997 sec,30.7302996 sec,12.7893349 sec,4.662393199999997 sec,7.991864399999997 sec,19.34505589999999 sec,10.473042700000008 sec,9.456682999999998 sec,52.6573937 sec,28.64098960000001 sec,51.975059500000015 sec,161.27394850000002 sec,17.123000100000013 sec,36.93439509999996 sec,11.27384219999999 sec,7.753177900000026 sec,9.817897300000027 sec,43.45650479999995 sec,28.5517241 sec,2.920974000000001 sec,11.350707499999999 sec,62.04281990000004 sec,6.930933800000048 sec,14.157509600000026 sec,3.517869899999937 sec,6.830932599999983 sec,31.467008299999975 sec,75.66965349999998 sec,161.25179089999995 sec,28.751875700000028 sec,38.110143499999936 sec,142.7900974999999 sec,26.20934280000006 sec,50.87054829999988 sec,2.8168944999999894 sec,3.443714 sec,5.823384299999816 sec,14.407873499999823 sec,18.251665699999876 sec,27.912494599999945 sec,27.992808999999852 sec,26.01243099999988 sec,124.42375520000019 sec,180.48325250000016 sec,180.48623070000008 sec
0.0003258999999999901 sec,0.00023720000000082564 sec,0.48988660000000017 sec,0.8639448000000005 sec,8.112432100000001 sec,24.1944814 sec,33.501922199999996 sec,12.269402200000002 sec,5.775899899999999 sec,7.733443499999993 sec,18.36441160000001 sec,12.186757100000008 sec,9.711561100000011 sec,49.93626409999999 sec,28.403322299999985 sec,53.84310869999999 sec,157.5611861 sec,18.65255659999997 sec,37.35421070000001 sec,12.574471700000004 sec,9.117467300000044 sec,9.759684400000026 sec,29.45957470000002 sec,24.03427690000001 sec,2.932775099999958 sec,11.628758399999924 sec,61.963309200000026 sec,8.273081200000092 sec,15.683906200000024 sec,2.273672999999917 sec,7.0213076 sec,34.88280020000002 sec,76.1282263999999 sec,162.1394234999999 sec,32.30291740000007 sec,35.41655509999998 sec,135.9491579999999 sec,26.825880100000177 sec,50.81597749999992 sec,3.7393802999999934 sec,4.6830291999999645 sec,6.510870899999873 sec,14.095205300000089 sec,18.752723800000012 sec,30.942806699999892 sec,21.904270199999928 sec,27.92036139999982 sec,129.61350949999996 sec,184.2964801999999 sec,22.942993500000057 sec,40.126272099999824 sec,96.30493939999997 sec,93.08741379999992 sec,165.56114909999997 sec,21.15315110000006 sec,73.3519275000001 sec,131.10070510000014 sec,36.8830633 sec,176.59300299999995 sec,186.79260030000023 sec,16.041226899999856 sec,61.36412730000029 sec,5.768056100000194 sec,33.249548199999936 sec,58.14041419999967 sec,26.204744599999685 sec,81.30988369999977 sec,42.05096860000003 sec,65.8469455999998 sec,66.9119912000001 sec,302.7036892000001 sec,148.3006089999999 sec,223.73561840000002 sec,235.00968869999997 sec,235.01324440000008 sec
0.00038250000000061846 sec,0.0002361000000021818 sec,1.1813435999999982 sec,1.8284348999999978 sec,9.149103700000001 sec,24.838851000000002 sec,38.5492352 sec,15.683516300000008 sec,6.796832200000011 sec,7.6824613 sec,19.368206 sec,11.936340299999998 sec,9.536464600000002 sec,51.84553489999999 sec,31.564202600000016 sec,51.64584389999999 sec,176.78960819999998 sec,20.26330740000003 sec,0,0.9637453000000278 sec
0.0004084999999989236 sec,0.000293800000001454 sec,0.6181739000000022 sec,1.1764876999999991 sec,9.443266099999999 sec,25.040044899999998 sec,38.888510000000004 sec,15.672164900000006 sec,5.945885500000003 sec,8.802131400000007 sec,18.649978599999997 sec,10.54640649999999 sec,12.125019200000011 sec,45.71645190000001 sec,27.295924299999996 sec,53.309771100000034 sec,165.43977159999997 sec,17.930320300000005 sec,38.7877876 sec,15.489206599999989 sec,9.556380100000013 sec,9.666728700000021 sec,27.31467980000002 sec,31.51215519999994 sec,2.5255447999999205 sec,10.909429499999987 sec,67.19864330000007 sec,8.579906599999958 sec,12.944680500000004 sec,2.9672709999999825 sec,7.270798900000045 sec,39.55762000000004 sec,80.45149789999994 sec,164.30214049999995 sec,32.10969579999994 sec,48.108438299999875 sec,161.53959139999995 sec,17.58440799999994 sec,53.81272450000006 sec,3.070972900000015 sec,1.9530065000001287 sec,6.57987849999995 sec,14.13319249999995 sec,18.623703100000057 sec,31.72468140000001 sec,31.549214099999972 sec,28.287016999999878 sec,131.59349429999997 sec,189.3147724999999 sec,29.275099400000045 sec,32.87567240000021 sec,91.7053906000001 sec,91.59568369999988 sec,170.99633429999994 sec,24.512880400000086 sec,76.36597460000007 sec,133.35626380000008 sec,32.32132690000003 sec,159.35954149999998 sec,169.95074980000027 sec,14.274458699999741 sec,64.9679127999998 sec,6.3843104999996285 sec,27.322340300000178 sec,36.716223999999784 sec,24.930394200000137 sec,86.76832330000025 sec,42.028553999999986 sec,66.82511450000038 sec,72.19379409999965 sec,289.43725700000005 sec,150.51216669999985 sec,229.57631619999984 sec,239.90542559999994 sec,14.046982099999695 sec,20.791548499999863 sec,22.681576099999802 sec,56.422120899999754 sec,102.36822579999989 sec,68.8040374000002 sec,9.753915400000096 sec,25.833822300000065 sec,229.63679729999967 sec,49.49210919999996 sec,16.839103199999954 sec,18.88636510000015 sec,63.078359699999965 sec,89.00021140000035 sec,83.25373300000001 sec,32.5806776999998 sec,23.770934000000125 sec,45.30803259999993 sec,42.18279120000079 sec,459.3215964000001 sec,421.73407829999996 sec,23.06104559999949 sec,31.64566029999969 sec,36.84896519999984 sec,29.14519610000025 sec,48.44779109999945 sec,16.344460700000127 sec,30.097034200000053 sec,6.570670300000529 sec,30.93869210000048 sec,12.403815800000302 sec,17.123006700000587 sec,23.927673200000754 sec,116.23455220000051 sec,21.092388399999436 sec,11.420836700000109 sec,33.40168619999986 sec,26.594090500000675 sec,87.6737334999998 sec,13.485083500000655 sec,10.449391699999978 sec,23.047556299999997 sec,113.22069659999943 sec,85.46436919999996 sec,33.70934289999968 sec,35.310862299999826 sec,12.160795400000097 sec,12.030324100000144 sec,10.724769200000082 sec,45.36423620000005 sec,33.067131200000404 sec,35.91208150000057 sec,74.76708270000017 sec,45.55491059999986 sec,8.669488800000181 sec,22.87453379999988 sec,22.88696019999952 sec
8.500000000033481e-05 sec,0.00041940000000018074 sec,0.10856080000000023 sec,0.17709829999999993 sec,2.0682418 sec,12.880585199999999 sec,16.493724 sec,5.862785599999999 sec,1.0516797999999987 sec,5.877935099999998 sec,12.787696599999997 sec,6.952759200000003 sec,2.6078510000000037 sec,28.4669485 sec,20.327321299999994 sec,32.4661004 sec,92.773674 sec,12.291750100000002 sec,28.1874909 sec,7.850917699999968 sec,6.287722400000007 sec,6.39168699999999 sec,18.04734880000001 sec,12.901632800000016 sec,0.4738181999999824 sec,7.973591200000044 sec,27.27537749999999 sec,6.325429299999996 sec,8.900178799999992 sec,1.1016862000000174 sec,3.728214600000001 sec,16.711654199999998 sec,46.21958990000002 sec,90.44230779999992 sec,15.688932300000033 sec,19.02251799999999 sec,85.11368540000001 sec,10.374059500000044 sec,29.374402499999974 sec,1.3944109000000253 sec,0.8777489000000287 sec,3.759933100000012 sec,9.321944899999949 sec,9.077813100000071 sec,16.217050400000062 sec,12.724383999999986 sec,18.818426499999987 sec,66.2510274 sec,105.90604500000006 sec,15.311237300000016 sec,21.026141199999984 sec,44.012810599999966 sec,37.04519570000002 sec,77.06497019999995 sec,11.95709690000001 sec,30.67434700000001 sec,64.66415300000006 sec,16.849206099999947 sec,105.89576620000003 sec,111.25919369999997 sec,8.62629549999997 sec,35.01912170000014 sec,4.764181699999881 sec,11.174428999999918 sec,22.568720500000154 sec,12.144379800000024 sec,52.93681409999999 sec,22.71318210000004 sec,35.65077259999998 sec,29.697460700000192 sec,112.66559030000008 sec,71.19863980000014 sec,109.72800410000013 sec,116.85668129999999 sec,10.020856699999968 sec,3.8591372999999294 sec,4.297858199999837 sec,31.750462999999854 sec,38.10928030000014 sec,31.042810200000076 sec,6.856461899999886 sec,14.133520800000042 sec,78.29048269999998 sec,25.498754799999915 sec,11.793650800000023 sec,11.704062099999874 sec,35.12352099999998 sec,49.07294059999981 sec,34.91832219999992 sec,23.332153099999914 sec,10.054059499999767 sec,27.622096500000225 sec,30.429266499999812 sec,147.45641819999992 sec,157.49707880000005 sec,12.86460360000001 sec,14.795173200000136 sec,24.916163400000187 sec,27.172044700000242 sec,33.83275589999994 sec,5.626725500000248 sec,5.961001799999849 sec,1.1744496999999683 sec,7.768107200000031 sec,7.676288000000113 sec,4.049848900000143 sec,12.243322700000135 sec,40.109540299999935 sec,8.918507899999895 sec,5.419327600000088 sec,20.59583300000031 sec,5.399760999999671 sec,48.654387900000074 sec,7.287136299999929 sec,6.6649922000001425 sec,7.075463299999683 sec,45.25119229999973 sec,32.24949520000018 sec,11.396722699999827 sec,10.44935489999989 sec,5.733045099999799 sec,5.8599434000002475 sec,2.662415200000396 sec,22.22545170000012 sec,13.149799300000268 sec,15.031190300000162 sec,28.76837690000002 sec,17.4027744 sec,2.8290853000003153 sec,7.621316300000217 sec,12.420406800000364 sec,64.6387964999999 sec,4.4431729999996605 sec,8.25194590000001 sec,20.537171599999965 sec,18.088169300000118 sec,13.410613800000192 sec,10.90685540000004 sec,49.40148210000007 sec,19.139845799999875 sec,7.155564099999992 sec,41.48588669999981 sec,153.686819 sec,158.81826580000006 sec,8.654297500000212 sec,70.25596580000001 sec,26.253660899999886 sec,40.01953289999983 sec,30.02617969999983 sec,7.580498599999828 sec,6.381635000000188 sec,2.4939125999999305 sec,25.886950699999943 sec,7.91548499999999 sec,18.177221200000076 sec,22.035073099999863 sec,11.644183899999916 sec,10.920711400000073 sec,52.378799900000104 sec,5.380477100000007 sec,11.38526069999989 sec,5.784381999999823 sec,12.594008099999883 sec,13.04304349999984 sec,103.65803479999977 sec,103.66053740000007 sec,1.1704208999999537 sec
